<EXP.DAT.>      1.01      4.97000000D+02     40.00   20    5
    1    0  244   CROSS-SECTION    
           5.470         0.38202D+04         0.36420D+04         0.40000D+02         0.40967D+02         0.18931D+02
           5.710         0.33364D+04         0.36590D+04         0.38000D+02         0.36286D+02         0.79032D+02
           5.950         0.28944D+04         0.27560D+04         0.35000D+02         0.35868D+02         0.14893D+02
           6.250         0.23986D+04         0.24330D+04         0.33000D+02         0.32766D+02         0.11025D+01
           6.430         0.21302D+04         0.21550D+04         0.31000D+02         0.30821D+02         0.64589D+00
           6.660         0.18178D+04         0.17540D+04         0.28000D+02         0.28505D+02         0.50154D+01
           6.900         0.15268D+04         0.14740D+04         0.25000D+02         0.25444D+02         0.43126D+01
           7.030         0.13835D+04         0.13570D+04         0.22000D+02         0.22214D+02         0.14212D+01
           7.140         0.12697D+04         0.12480D+04         0.23000D+02         0.23199D+02         0.87548D+00
           7.270         0.11439D+04         0.11300D+04         0.20000D+02         0.20122D+02         0.47407D+00
           7.500         0.94304D+03         0.91790D+03         0.18300D+02         0.18549D+02         0.18363D+01
           7.740         0.76143D+03         0.75580D+03         0.16800D+02         0.16863D+02         0.11166D+00
           7.980         0.60614D+03         0.58040D+03         0.14600D+02         0.14920D+02         0.29752D+01
           8.220         0.47483D+03         0.48220D+03         0.13100D+02         0.12999D+02         0.32161D+00
           8.450         0.36936D+03         0.34580D+03         0.13500D+02         0.13952D+02         0.28523D+01
           8.580         0.31780D+03         0.32760D+03         0.23000D+01         0.22653D+01         0.18721D+02
           8.690         0.27837D+03         0.28140D+03         0.10100D+02         0.10045D+02         0.91120D-01
           8.820         0.23643D+03         0.25300D+03         0.20000D+01         0.19334D+01         0.73487D+02
           9.060         0.17115D+03         0.18330D+03         0.17000D+01         0.16427D+01         0.54713D+02
           9.360         0.10902D+03         0.12310D+03         0.14000D+01         0.13175D+01         0.11413D+03
           9.540         0.80666D+02         0.87920D+02         0.12000D+01         0.11494D+01         0.39827D+02
           9.770         0.52688D+02         0.54240D+02         0.95000D+00         0.93631D+00         0.27487D+01
          10.010         0.31882D+02         0.33910D+02         0.74000D+00         0.71753D+00         0.79853D+01
          10.140         0.23647D+02         0.24100D+02         0.35000D+00         0.34670D+00         0.17049D+01
          10.140         0.23647D+02         0.25330D+02         0.38000D+00         0.36716D+00         0.21003D+02
          10.250         0.18124D+02         0.19510D+02         0.55000D+00         0.53010D+00         0.68389D+01
          10.380         0.13115D+02         0.13330D+02         0.27000D+00         0.26782D+00         0.64173D+00
          10.380         0.13115D+02         0.13460D+02         0.26000D+00         0.25665D+00         0.18022D+01
          10.620         0.75528D+01         0.66300D+01         0.18000D+00         0.19212D+00         0.23072D+02
          10.620         0.75528D+01         0.69400D+01         0.19000D+00         0.19821D+00         0.95589D+01
          10.910         0.58302D+01         0.48100D+01         0.16000D+00         0.17615D+00         0.33540D+02
          10.910         0.58302D+01         0.48500D+01         0.16000D+00         0.17542D+00         0.31219D+02
          11.100         0.68817D+01         0.57400D+01         0.18000D+00         0.19709D+00         0.33558D+02
          11.100         0.68817D+01         0.58200D+01         0.17000D+00         0.18486D+00         0.32988D+02
          11.330         0.97611D+01         0.86200D+01         0.22000D+00         0.23411D+00         0.23758D+02
          11.330         0.97611D+01         0.89900D+01         0.22000D+00         0.22924D+00         0.11315D+02
          11.570         0.14000D+02         0.13070D+02         0.27000D+00         0.27944D+00         0.11072D+02
          11.570         0.14000D+02         0.13440D+02         0.27000D+00         0.27557D+00         0.41269D+01
          11.700         0.16610D+02         0.16240D+02         0.21000D+00         0.21238D+00         0.30338D+01
          11.800         0.18700D+02         0.18820D+02         0.32000D+00         0.31898D+00         0.14174D+00
          11.800         0.18700D+02         0.18900D+02         0.32000D+00         0.31830D+00         0.39516D+00
          11.940         0.21679D+02         0.22220D+02         0.24000D+00         0.23706D+00         0.52167D+01
          12.180         0.26725D+02         0.26780D+02         0.26000D+00         0.25973D+00         0.44252D-01
          12.470         0.32343D+02         0.31790D+02         0.28000D+00         0.28243D+00         0.38353D+01
          12.650         0.35399D+02         0.36450D+02         0.30000D+00         0.29564D+00         0.12628D+02
          12.890         0.38829D+02         0.39130D+02         0.32000D+00         0.31877D+00         0.89322D+00
          13.130         0.41438D+02         0.42200D+02         0.33000D+00         0.32701D+00         0.54273D+01
          13.260         0.42494D+02         0.42310D+02         0.31000D+00         0.31067D+00         0.35005D+00
          13.360         0.43134D+02         0.43950D+02         0.33000D+00         0.32692D+00         0.62363D+01
          13.490         0.43744D+02         0.44420D+02         0.31000D+00         0.30763D+00         0.48345D+01
          13.730         0.44230D+02         0.45370D+02         0.31000D+00         0.30608D+00         0.13861D+02
          14.030         0.43752D+02         0.42830D+02         0.31000D+00         0.31332D+00         0.86530D+01
          14.210         0.42944D+02         0.43100D+02         0.31000D+00         0.30944D+00         0.25440D+00
          14.440         0.41420D+02         0.41520D+02         0.30000D+00         0.29964D+00         0.11200D+00
          14.680         0.39331D+02         0.40260D+02         0.29000D+00         0.28664D+00         0.10495D+02
          14.810         0.38025D+02         0.39560D+02         0.34000D+00         0.33334D+00         0.21213D+02
          14.920         0.36839D+02         0.38250D+02         0.29000D+00         0.28460D+00         0.24580D+02
          15.050         0.35358D+02         0.37880D+02         0.33000D+00         0.31882D+00         0.62597D+02
          15.290         0.32447D+02         0.34840D+02         0.31000D+00         0.29916D+00         0.64009D+02
          15.580         0.28742D+02         0.30500D+02         0.29000D+00         0.28152D+00         0.39008D+02
          15.760         0.26403D+02         0.27800D+02         0.28000D+00         0.27287D+00         0.26210D+02
          16.000         0.23305D+02         0.24210D+02         0.26000D+00         0.25510D+00         0.12575D+02
          16.240         0.20293D+02         0.21230D+02         0.25000D+00         0.24442D+00         0.14695D+02
          16.360         0.18837D+02         0.19260D+02         0.16000D+00         0.15823D+00         0.71504D+01
          16.470         0.17538D+02         0.18330D+02         0.23000D+00         0.22498D+00         0.12381D+02
          16.600         0.16054D+02         0.17110D+02         0.17000D+00         0.16467D+00         0.41107D+02
          16.840         0.13476D+02         0.14460D+02         0.15000D+00         0.14480D+00         0.46217D+02
          17.130         0.10671D+02         0.11070D+02         0.14000D+00         0.13745D+00         0.84334D+01
          17.310         0.91136D+01         0.89800D+01         0.12000D+00         0.12089D+00         0.12215D+01
          17.400         0.83893D+01         0.82700D+01         0.13000D+00         0.13093D+00         0.82990D+00
          17.400         0.83893D+01         0.83500D+01         0.14000D+00         0.14033D+00         0.78350D-01
          17.550         0.72630D+01         0.72800D+01         0.11000D+00         0.10987D+00         0.23824D-01
          17.640         0.66358D+01         0.63000D+01         0.11000D+00         0.11289D+00         0.88474D+01
          17.640         0.66358D+01         0.65100D+01         0.12000D+00         0.12115D+00         0.10781D+01
          17.790         0.56705D+01         0.58400D+01         0.90000D-01         0.88684D-01         0.36551D+01
          17.880         0.51386D+01         0.49400D+01         0.11000D+00         0.11219D+00         0.31341D+01
          17.880         0.51386D+01         0.49800D+01         0.10000D+00         0.10158D+00         0.24382D+01
          18.030         0.43294D+01         0.44000D+01         0.80000D-01         0.79355D-01         0.79223D+00
          18.170         0.36586D+01         0.34100D+01         0.80000D-01         0.82864D-01         0.89983D+01
          18.170         0.36586D+01         0.35600D+01         0.90000D-01         0.91237D-01         0.11672D+01
          18.390         0.27614D+01         0.26100D+01         0.70000D-01         0.72002D-01         0.44211D+01
          18.390         0.27614D+01         0.26200D+01         0.70000D-01         0.71864D-01         0.38711D+01
          18.590         0.21015D+01         0.18600D+01         0.60000D-01         0.63777D-01         0.14340D+02
          18.590         0.21015D+01         0.19500D+01         0.60000D-01         0.62287D-01         0.59169D+01
          18.820         0.15096D+01         0.12400D+01         0.50000D-01         0.55169D-01         0.23888D+02
          18.820         0.15096D+01         0.14100D+01         0.50000D-01         0.51736D-01         0.37090D+01
          18.960         0.12288D+01         0.10300D+01         0.20000D-01         0.21845D-01         0.82782D+02
          19.060         0.10617D+01         0.94200D+00         0.43000D-01         0.45650D-01         0.68759D+01
          19.060         0.10617D+01         0.95600D+00         0.42000D-01         0.44261D-01         0.57035D+01
          19.190         0.88320D+00         0.79600D+00         0.20000D-01         0.21067D-01         0.17131D+02
          19.430         0.65643D+00         0.57000D+00         0.15000D-01         0.16097D-01         0.28827D+02
          19.730         0.52975D+00         0.47500D+00         0.16000D-01         0.16897D-01         0.10499D+02
          19.900         0.51983D+00         0.49900D+00         0.17000D-01         0.17351D-01         0.14414D+01
          20.140         0.56417D+00         0.55500D+00         0.18000D-01         0.18148D-01         0.25521D+00
          20.230         0.59488D+00         0.64300D+00         0.70000D-02         0.67330D-02         0.51086D+02
          20.380         0.65931D+00         0.65100D+00         0.19000D-01         0.19121D-01         0.18881D+00
          20.510         0.72580D+00         0.73600D+00         0.20000D-01         0.19861D-01         0.26393D+00
          20.520         0.73124D+00         0.83700D+00         0.90000D-02         0.84122D-02         0.15805D+03
          20.620         0.78781D+00         0.84700D+00         0.22000D-01         0.21217D-01         0.77810D+01
          20.750         0.86589D+00         0.89800D+00         0.22000D-01         0.21603D-01         0.22094D+01
          20.820         0.90937D+00         0.10300D+01         0.10000D-01         0.93962D-02         0.16482D+03
          20.980         0.10106D+01         0.11300D+01         0.20000D-01         0.18914D-01         0.39878D+02
          21.120         0.10991D+01         0.12100D+01         0.10000D-01         0.95307D-02         0.13541D+03
          21.280         0.11976D+01         0.12400D+01         0.30000D-01         0.29483D-01         0.20645D+01
          21.410         0.12740D+01         0.14000D+01         0.10000D-01         0.95393D-02         0.17452D+03
          21.460         0.13022D+01         0.14200D+01         0.30000D-01         0.28728D-01         0.16820D+02
          21.700         0.14264D+01         0.15000D+01         0.30000D-01         0.29255D-01         0.63277D+01
          21.710         0.14311D+01         0.15600D+01         0.10000D-01         0.95781D-02         0.18100D+03
          21.930         0.15249D+01         0.16200D+01         0.30000D-01         0.29106D-01         0.10668D+02
          22.010         0.15539D+01         0.16800D+01         0.10000D-01         0.96174D-02         0.17193D+03
          22.040         0.15640D+01         0.16600D+01         0.30000D-01         0.29120D-01         0.10865D+02
          22.060         0.15705D+01         0.15900D+01         0.30000D-01         0.29816D-01         0.42614D+00
          22.150         0.15976D+01         0.16220D+01         0.14000D-01         0.13894D-01         0.30856D+01
          22.170         0.16031D+01         0.17100D+01         0.30000D-01         0.29047D-01         0.13545D+02
          22.300         0.16343D+01         0.17000D+01         0.30000D-01         0.29414D-01         0.49941D+01
          22.300         0.16343D+01         0.17300D+01         0.10000D-01         0.97194D-02         0.97018D+02
          22.300         0.16343D+01         0.17400D+01         0.30000D-01         0.29074D-01         0.13225D+02
          22.300         0.16343D+01         0.17500D+01         0.40000D-01         0.38655D-01         0.89643D+01
          22.540         0.16708D+01         0.17700D+01         0.30000D-01         0.29147D-01         0.11585D+02
          22.540         0.16708D+01         0.17700D+01         0.30000D-01         0.29147D-01         0.11585D+02
          22.540         0.16708D+01         0.18100D+01         0.40000D-01         0.38431D-01         0.13121D+02
          22.630         0.16775D+01         0.17400D+01         0.15000D-01         0.14728D-01         0.18004D+02
          22.830         0.16792D+01         0.16900D+01         0.40000D-01         0.39872D-01         0.73605D-01
          22.830         0.16792D+01         0.17000D+01         0.30000D-01         0.29816D-01         0.48748D+00
          22.830         0.16792D+01         0.17300D+01         0.30000D-01         0.29556D-01         0.29562D+01
          23.010         0.16657D+01         0.17000D+01         0.30000D-01         0.29696D-01         0.13311D+01
          23.010         0.16657D+01         0.17000D+01         0.40000D-01         0.39595D-01         0.74875D+00
          23.010         0.16657D+01         0.17100D+01         0.30000D-01         0.29609D-01         0.22346D+01
          23.100         0.16540D+01         0.17050D+01         0.15000D-01         0.14774D-01         0.11915D+02
          23.250         0.16275D+01         0.16400D+01         0.40000D-01         0.39847D-01         0.98534D-01
          23.250         0.16275D+01         0.16600D+01         0.30000D-01         0.29705D-01         0.11977D+01
          23.250         0.16275D+01         0.16800D+01         0.30000D-01         0.29527D-01         0.31623D+01
          23.480         0.15714D+01         0.16000D+01         0.40000D-01         0.39641D-01         0.52031D+00
          23.480         0.15714D+01         0.16300D+01         0.30000D-01         0.29456D-01         0.39570D+01
          23.490         0.15686D+01         0.16300D+01         0.30000D-01         0.29429D-01         0.43559D+01
          23.580         0.15418D+01         0.15320D+01         0.14000D-01         0.14045D-01         0.48625D+00
          23.610         0.15323D+01         0.15100D+01         0.20000D-01         0.20147D-01         0.12304D+01
          23.720         0.14956D+01         0.15000D+01         0.40000D-01         0.39942D-01         0.11885D-01
          23.720         0.14956D+01         0.15300D+01         0.30000D-01         0.29661D-01         0.13415D+01
          23.720         0.14956D+01         0.15600D+01         0.30000D-01         0.29375D-01         0.47997D+01
          23.850         0.14484D+01         0.14200D+01         0.20000D-01         0.20199D-01         0.19808D+01
          23.930         0.14175D+01         0.13670D+01         0.18000D-01         0.18330D-01         0.75985D+01
          24.090         0.13521D+01         0.13200D+01         0.20000D-01         0.20242D-01         0.25144D+01
          24.390         0.12194D+01         0.11800D+01         0.20000D-01         0.20331D-01         0.37616D+01
          24.560         0.11405D+01         0.11300D+01         0.20000D-01         0.20092D-01         0.27112D+00
          24.840         0.10079D+01         0.98300D+00         0.15000D-01         0.15189D-01         0.26850D+01
          25.040         0.91336D+00         0.91200D+00         0.14000D-01         0.14010D-01         0.94164D-02
          25.170         0.85277D+00         0.82400D+00         0.11000D-01         0.11190D-01         0.66108D+01
          25.270         0.80689D+00         0.78300D+00         0.13000D-01         0.13197D-01         0.32767D+01
          25.440         0.73076D+00         0.73200D+00         0.10000D-01         0.99915D-02         0.15374D-01
          25.640         0.64494D+00         0.60400D+00         0.90000D-02         0.93000D-02         0.19381D+02
          25.940         0.52550D+00         0.50600D+00         0.80000D-02         0.81527D-02         0.57237D+01
          26.110         0.46346D+00         0.43600D+00         0.80000D-02         0.82481D-02         0.11086D+02
          26.350         0.38343D+00         0.34300D+00         0.70000D-02         0.74011D-02         0.29842D+02
          26.590         0.31260D+00         0.28800D+00         0.60000D-02         0.62510D-02         0.15490D+02
          26.720         0.27813D+00         0.25400D+00         0.40000D-02         0.41857D-02         0.33242D+02
          26.830         0.25110D+00         0.22200D+00         0.50000D-02         0.53176D-02         0.29939D+02
          26.960         0.22163D+00         0.19300D+00         0.40000D-02         0.42864D-02         0.44612D+02
          27.190         0.17593D+00         0.15300D+00         0.30000D-02         0.32170D-02         0.50824D+02
          27.490         0.12806D+00         0.10900D+00         0.30000D-02         0.32518D-02         0.34370D+02
          27.670         0.10525D+00         0.87700D-01         0.25000D-02         0.27388D-02         0.41080D+02
          27.900         0.81965D-01         0.69800D-01         0.24000D-02         0.26007D-02         0.21880D+02
          28.140         0.63953D-01         0.46100D-01         0.12000D-02         0.14134D-02         0.15955D+03
          28.140         0.63953D-01         0.52800D-01         0.20000D-02         0.22011D-02         0.25673D+02
          28.380         0.51525D-01         0.40800D-01         0.17000D-02         0.19104D-02         0.31517D+02
          28.620         0.43822D-01         0.35200D-01         0.10000D-02         0.11158D-02         0.59708D+02
          28.730         0.41637D-01         0.35900D-01         0.10000D-02         0.10769D-02         0.28379D+02
          29.190         0.39598D-01         0.34400D-01         0.10000D-02         0.10729D-02         0.23475D+02
          29.320         0.40609D-01         0.36600D-01         0.10000D-02         0.10533D-02         0.14484D+02
          29.570         0.43855D-01         0.42400D-01         0.10000D-02         0.10170D-02         0.20459D+01
          29.680         0.45682D-01         0.43060D-01         0.12600D-02         0.12978D-02         0.40830D+01
          29.910         0.49986D-01         0.48000D-01         0.12000D-02         0.12246D-02         0.26301D+01
          30.150         0.54794D-01         0.52250D-01         0.13900D-02         0.14234D-02         0.31948D+01
          30.200         0.55798D-01         0.53500D-01         0.11000D-02         0.11234D-02         0.41858D+01
          30.620         0.63687D-01         0.62479D-01         0.15200D-02         0.15346D-02         0.61980D+00
          30.800         0.66543D-01         0.65500D-01         0.13000D-02         0.13103D-02         0.63335D+00
          31.040         0.69657D-01         0.66419D-01         0.16100D-02         0.16488D-02         0.38565D+01
          31.280         0.71866D-01         0.73030D-01         0.16900D-02         0.16765D-02         0.48176D+00
          31.390         0.72557D-01         0.71500D-01         0.13000D-02         0.13096D-02         0.65092D+00
          31.520         0.73105D-01         0.66120D-01         0.16100D-02         0.16929D-02         0.17024D+02
          31.750         0.73367D-01         0.73030D-01         0.16900D-02         0.16939D-02         0.39575D-01
          31.980         0.72748D-01         0.68600D-01         0.13000D-02         0.13387D-02         0.96023D+01
          32.170         0.71611D-01         0.65860D-01         0.16700D-02         0.17414D-02         0.10907D+02
          32.270         0.70800D-01         0.64400D-01         0.90000D-03         0.94366D-03         0.45996D+02
          32.590         0.67320D-01         0.59320D-01         0.14600D-02         0.15553D-02         0.26458D+02
          32.830         0.63949D-01         0.61130D-01         0.14900D-02         0.15240D-02         0.34226D+01
          32.860         0.63489D-01         0.56900D-01         0.80000D-03         0.84505D-03         0.60800D+02
          33.060         0.60234D-01         0.56620D-01         0.14300D-02         0.14749D-02         0.60049D+01
          33.300         0.55975D-01         0.47750D-01         0.13200D-02         0.14292D-02         0.33121D+02
          33.450         0.53170D-01         0.45900D-01         0.70000D-03         0.75340D-03         0.93104D+02
          33.720         0.47951D-01         0.43810D-01         0.11900D-02         0.12450D-02         0.11063D+02
          34.040         0.41673D-01         0.36400D-01         0.70000D-03         0.74899D-03         0.49568D+02
          34.140         0.39726D-01         0.33020D-01         0.96000D-03         0.10530D-02         0.40564D+02
          34.330         0.36084D-01         0.28600D-01         0.50000D-03         0.56162D-03         0.17756D+03
          34.380         0.35141D-01         0.29150D-01         0.90000D-03         0.98817D-03         0.36760D+02
          34.610         0.30919D-01         0.24930D-01         0.83000D-03         0.92434D-03         0.41987D+02
          34.850         0.26756D-01         0.21820D-01         0.78000D-03         0.86373D-03         0.32657D+02
          34.920         0.25595D-01         0.19400D-01         0.40000D-03         0.45945D-03         0.18183D+03
          35.270         0.20204D-01         0.14980D-01         0.61000D-03         0.70843D-03         0.54381D+02
          35.520         0.16805D-01         0.13000D-01         0.30000D-03         0.34109D-03         0.12444D+03
          35.690         0.14719D-01         0.12770D-01         0.53000D-03         0.56901D-03         0.11733D+02
          35.920         0.12190D-01         0.90970D-02         0.44700D-03         0.51745D-03         0.35735D+02
          36.110         0.10353D-01         0.69800D-02         0.22000D-03         0.26794D-03         0.15849D+03
          36.160         0.99068D-02         0.70610D-02         0.39500D-03         0.46788D-03         0.36996D+02
          36.580         0.67426D-02         0.44290D-02         0.29800D-03         0.36769D-03         0.39593D+02
          37.200         0.37756D-02         0.24110D-02         0.15200D-03         0.19021D-03         0.51466D+02
          37.710         0.25389D-02         0.14090D-02         0.11400D-03         0.15303D-03         0.54519D+02
          38.250         0.20499D-02         0.15500D-02         0.15000D-03         0.17250D-03         0.83988D+01
          38.360         0.20233D-02         0.14150D-02         0.11100D-03         0.13273D-03         0.21002D+02
          38.460         0.20152D-02         0.13100D-02         0.13000D-03         0.16124D-03         0.19128D+02
          39.020         0.21696D-02         0.14350D-02         0.10700D-03         0.13157D-03         0.31173D+02
          39.050         0.21842D-02         0.13700D-02         0.14000D-03         0.17677D-03         0.21214D+02
          39.520         0.24418D-02         0.15260D-02         0.11600D-03         0.14674D-03         0.38954D+02
          39.660         0.25195D-02         0.15300D-02         0.14000D-03         0.17966D-03         0.30337D+02
          40.230         0.27778D-02         0.19400D-02         0.16000D-03         0.19145D-03         0.19147D+02
          40.240         0.27811D-02         0.20880D-02         0.94000D-04         0.10848D-03         0.40815D+02
          40.600         0.28656D-02         0.20460D-02         0.93000D-04         0.11006D-03         0.55456D+02
          40.910         0.28804D-02         0.21370D-02         0.88000D-04         0.10217D-03         0.52944D+02
          41.290         0.28247D-02         0.22290D-02         0.81000D-04         0.91183D-04         0.42675D+02
          41.760         0.26541D-02         0.20570D-02         0.78000D-04         0.88600D-04         0.45413D+02
          42.000         0.25309D-02         0.20500D-02         0.15000D-03         0.16667D-03         0.83242D+01
          42.230         0.23948D-02         0.19030D-02         0.75000D-04         0.84135D-04         0.34169D+02
          42.470         0.22382D-02         0.17360D-02         0.13800D-03         0.15670D-03         0.10274D+02
          42.650         0.21136D-02         0.15500D-02         0.10000D-03         0.11677D-03         0.23296D+02
          43.200         0.17140D-02         0.13000D-02         0.10000D-03         0.11483D-03         0.13002D+02
          43.600         0.14248D-02         0.10000D-02         0.10000D-03         0.11936D-03         0.12665D+02
          43.800         0.12858D-02         0.92000D-03         0.90000D-04         0.10640D-03         0.11818D+02
          44.250         0.99517D-03         0.77000D-03         0.70000D-04         0.79580D-04         0.80060D+01
          44.700         0.74363D-03         0.53000D-03         0.10000D-03         0.11845D-03         0.32526D+01
          45.200         0.51632D-03         0.33000D-03         0.50000D-04         0.62542D-04         0.88750D+01
          45.400         0.44108D-03         0.33000D-03         0.50000D-04         0.57806D-04         0.36924D+01
          45.700         0.34446D-03         0.22500D-03         0.25000D-04         0.30933D-04         0.14914D+02
          46.100         0.24400D-03         0.14000D-03         0.20000D-04         0.26404D-04         0.15515D+02
          46.650         0.15199D-03         0.65000D-04         0.50000D-05         0.76457D-05         0.12944D+03
          47.300         0.96696D-04         0.36000D-04         0.30000D-05         0.49167D-05         0.15240D+03
          47.900         0.80029D-04         0.24000D-04         0.30000D-05         0.54782D-05         0.10460D+03
          48.200         0.79239D-04         0.21000D-04         0.20000D-05         0.38850D-05         0.22472D+03
          48.800         0.85088D-04         0.26000D-04         0.30000D-05         0.54271D-05         0.11854D+03
          49.400         0.93343D-04         0.29000D-04         0.50000D-05         0.89704D-05         0.51449D+02
          50.000         0.98298D-04         0.33000D-04         0.50000D-05         0.86295D-05         0.57257D+02
          52.100         0.73476D-04         0.34000D-04         0.50000D-05         0.73503D-05         0.28844D+02
          54.700         0.19709D-04         0.12500D-04         0.20000D-05         0.25113D-05         0.82398D+01
          57.300         0.29938D-05         0.10500D-05         0.50000D-06         0.84428D-06         0.53006D+01
          60.000         0.36035D-05         0.62000D-06         0.30000D-06         0.72325D-06         0.17017D+02
    1   -2  209   ASYM. OR IT11    
           5.470         0.30438D+00         0.31200D+00         0.13000D-01         0.13000D-01         0.34340D+00
           5.710         0.31308D+00         0.29300D+00         0.13000D-01         0.13000D-01         0.23870D+01
           5.950         0.32087D+00         0.30800D+00         0.14000D-01         0.14000D-01         0.84472D+00
           6.250         0.32920D+00         0.31300D+00         0.15000D-01         0.15000D-01         0.11666D+01
           6.430         0.33339D+00         0.33900D+00         0.16000D-01         0.16000D-01         0.12284D+00
           6.660         0.33777D+00         0.35800D+00         0.18000D-01         0.18000D-01         0.12628D+01
           6.900         0.34105D+00         0.35700D+00         0.19000D-01         0.19000D-01         0.70451D+00
           7.030         0.34222D+00         0.38200D+00         0.18000D-01         0.18000D-01         0.48845D+01
           7.270         0.34311D+00         0.37900D+00         0.20000D-01         0.20000D-01         0.32207D+01
           7.500         0.34222D+00         0.40300D+00         0.22000D-01         0.22000D-01         0.76328D+01
           7.740         0.33917D+00         0.39700D+00         0.24000D-01         0.24000D-01         0.58066D+01
           7.980         0.33353D+00         0.40400D+00         0.28000D-01         0.28000D-01         0.63337D+01
           8.220         0.32477D+00         0.38900D+00         0.30000D-01         0.30000D-01         0.45845D+01
           8.450         0.31274D+00         0.28200D+00         0.37000D-01         0.37000D-01         0.69014D+00
           8.580         0.30404D+00         0.33200D+00         0.80000D-02         0.80000D-02         0.12217D+02
           8.690         0.29542D+00         0.30500D+00         0.41000D-01         0.41000D-01         0.54619D-01
           8.820         0.28353D+00         0.30000D+00         0.90000D-02         0.90000D-02         0.33504D+01
           9.060         0.25571D+00         0.28200D+00         0.10000D-01         0.10000D-01         0.69095D+01
           9.360         0.20677D+00         0.23800D+00         0.13000D-01         0.13000D-01         0.57726D+01
           9.540         0.16707D+00         0.20700D+00         0.15000D-01         0.15000D-01         0.70871D+01
           9.770         0.10110D+00         0.15000D+00         0.19000D-01         0.19000D-01         0.66243D+01
          10.010         0.99995D-02        -0.20000D-02         0.25000D-01         0.25000D-01         0.23038D+00
          10.140        -0.48020D-01        -0.40000D-02         0.18000D-01         0.18000D-01         0.59806D+01
          10.140        -0.48020D-01        -0.70000D-02         0.18000D-01         0.18000D-01         0.51932D+01
          10.250        -0.97854D-01        -0.12900D+00         0.33000D-01         0.33000D-01         0.89079D+00
          10.380        -0.14580D+00        -0.20300D+00         0.25000D-01         0.25000D-01         0.52354D+01
          10.380        -0.14580D+00        -0.24700D+00         0.23000D-01         0.23000D-01         0.19361D+02
          10.620        -0.94629D-01        -0.21700D+00         0.34000D-01         0.34000D-01         0.12954D+02
          10.620        -0.94629D-01        -0.23700D+00         0.33000D-01         0.33000D-01         0.18613D+02
          10.910         0.44541D+00         0.15000D+00         0.41000D-01         0.41000D-01         0.51913D+02
          10.910         0.44541D+00         0.15100D+00         0.39000D-01         0.39000D-01         0.56986D+02
          11.100         0.79840D+00         0.62900D+00         0.32000D-01         0.32000D-01         0.28025D+02
          11.100         0.79840D+00         0.65000D+00         0.29000D-01         0.29000D-01         0.26188D+02
          11.330         0.96615D+00         0.86900D+00         0.19000D-01         0.19000D-01         0.26143D+02
          11.330         0.96615D+00         0.88400D+00         0.21000D-01         0.21000D-01         0.15302D+02
          11.570         0.98038D+00         0.90700D+00         0.15000D-01         0.15000D-01         0.23930D+02
          11.570         0.98038D+00         0.91000D+00         0.16000D-01         0.16000D-01         0.19347D+02
          11.700         0.96496D+00         0.92700D+00         0.80000D-02         0.80000D-02         0.22519D+02
          11.800         0.94951D+00         0.90800D+00         0.14000D-01         0.14000D-01         0.87895D+01
          11.800         0.94951D+00         0.92600D+00         0.12000D-01         0.12000D-01         0.38370D+01
          11.940         0.92621D+00         0.90600D+00         0.70000D-02         0.70000D-02         0.83366D+01
          12.180         0.88717D+00         0.85400D+00         0.70000D-02         0.70000D-02         0.22457D+02
          12.470         0.84536D+00         0.83300D+00         0.70000D-02         0.70000D-02         0.31180D+01
          12.650         0.82250D+00         0.81800D+00         0.70000D-02         0.70000D-02         0.41289D+00
          12.890         0.79507D+00         0.79400D+00         0.70000D-02         0.70000D-02         0.23577D-01
          13.130         0.77039D+00         0.76400D+00         0.70000D-02         0.70000D-02         0.83356D+00
          13.260         0.75790D+00         0.76400D+00         0.60000D-02         0.60000D-02         0.10342D+01
          13.360         0.74862D+00         0.72300D+00         0.70000D-02         0.70000D-02         0.13398D+02
          13.490         0.73692D+00         0.74400D+00         0.60000D-02         0.60000D-02         0.13915D+01
          13.730         0.71613D+00         0.72000D+00         0.60000D-02         0.60000D-02         0.41641D+00
          14.030         0.69103D+00         0.70500D+00         0.70000D-02         0.70000D-02         0.39854D+01
          14.210         0.67615D+00         0.68200D+00         0.70000D-02         0.70000D-02         0.69829D+00
          14.440         0.65708D+00         0.67500D+00         0.70000D-02         0.70000D-02         0.65572D+01
          14.680         0.63682D+00         0.64300D+00         0.70000D-02         0.70000D-02         0.78055D+00
          14.810         0.62559D+00         0.62100D+00         0.80000D-02         0.80000D-02         0.32874D+00
          14.920         0.61590D+00         0.63000D+00         0.70000D-02         0.70000D-02         0.40570D+01
          15.050         0.60419D+00         0.63100D+00         0.80000D-02         0.80000D-02         0.11229D+02
          15.290         0.58168D+00         0.60100D+00         0.90000D-02         0.90000D-02         0.46101D+01
          15.580         0.55250D+00         0.55300D+00         0.10000D-01         0.10000D-01         0.25361D-02
          15.760         0.53303D+00         0.56700D+00         0.10000D-01         0.10000D-01         0.11540D+02
          16.000         0.50508D+00         0.51900D+00         0.11000D-01         0.11000D-01         0.16010D+01
          16.240         0.47439D+00         0.48200D+00         0.12000D-01         0.12000D-01         0.40263D+00
          16.360         0.45782D+00         0.45300D+00         0.10000D-01         0.10000D-01         0.23200D+00
          16.470         0.44181D+00         0.45900D+00         0.13000D-01         0.13000D-01         0.17482D+01
          16.600         0.42178D+00         0.42700D+00         0.11000D-01         0.11000D-01         0.22537D+00
          16.840         0.38112D+00         0.38400D+00         0.12000D-01         0.12000D-01         0.57493D-01
          17.130         0.32423D+00         0.35000D+00         0.14000D-01         0.14000D-01         0.33890D+01
          17.310         0.28359D+00         0.30000D+00         0.15000D-01         0.15000D-01         0.11969D+01
          17.400         0.26145D+00         0.24400D+00         0.19000D-01         0.19000D-01         0.84354D+00
          17.400         0.26145D+00         0.26200D+00         0.19000D-01         0.19000D-01         0.83665D-03
          17.550         0.22147D+00         0.19300D+00         0.18000D-01         0.18000D-01         0.25009D+01
          17.640         0.19542D+00         0.16900D+00         0.22000D-01         0.22000D-01         0.14417D+01
          17.640         0.19542D+00         0.21100D+00         0.21000D-01         0.21000D-01         0.55070D+00
          17.790         0.14811D+00         0.16300D+00         0.20000D-01         0.20000D-01         0.55409D+00
          17.880         0.11714D+00         0.70000D-01         0.25000D-01         0.25000D-01         0.35561D+01
          17.880         0.11714D+00         0.10200D+00         0.25000D-01         0.25000D-01         0.36695D+00
          18.030         0.60686D-01         0.70000D-01         0.23000D-01         0.23000D-01         0.16399D+00
          18.170         0.19316D-02         0.40000D-02         0.30000D-01         0.30000D-01         0.47536D-02
          18.170         0.19316D-02        -0.60000D-02         0.30000D-01         0.30000D-01         0.69900D-01
          18.390        -0.10356D+00        -0.16000D+00         0.34000D-01         0.34000D-01         0.27555D+01
          18.390        -0.10356D+00        -0.17200D+00         0.35000D-01         0.35000D-01         0.38236D+01
          18.590        -0.21388D+00        -0.26000D+00         0.41000D-01         0.41000D-01         0.12656D+01
          18.590        -0.21388D+00        -0.33400D+00         0.39000D-01         0.39000D-01         0.94871D+01
          18.820        -0.35349D+00        -0.35000D+00         0.46000D-01         0.46000D-01         0.57642D-02
          18.820        -0.35349D+00        -0.43000D+00         0.48000D-01         0.48000D-01         0.25405D+01
          18.960        -0.43822D+00        -0.48800D+00         0.26000D-01         0.26000D-01         0.36655D+01
          19.060        -0.49297D+00        -0.57600D+00         0.52000D-01         0.52000D-01         0.25494D+01
          19.060        -0.49297D+00        -0.63100D+00         0.51000D-01         0.51000D-01         0.73248D+01
          19.190        -0.54753D+00        -0.69100D+00         0.27000D-01         0.27000D-01         0.28237D+02
          19.430        -0.54896D+00        -0.67900D+00         0.32000D-01         0.32000D-01         0.16514D+02
          19.730        -0.26574D+00        -0.39400D+00         0.40000D-01         0.40000D-01         0.10282D+02
          19.900         0.76808D-02         0.51000D-01         0.41000D-01         0.41000D-01         0.11163D+01
          20.140         0.39071D+00         0.42800D+00         0.36000D-01         0.36000D-01         0.10727D+01
          20.230         0.50903D+00         0.64000D+00         0.11000D-01         0.11000D-01         0.14176D+03
          20.380         0.66600D+00         0.71400D+00         0.28000D-01         0.28000D-01         0.29391D+01
          20.510         0.76397D+00         0.79200D+00         0.29000D-01         0.29000D-01         0.93410D+00
          20.520         0.77021D+00         0.84000D+00         0.80000D-02         0.80000D-02         0.76095D+02
          20.620         0.82379D+00         0.79100D+00         0.23000D-01         0.23000D-01         0.20321D+01
          20.750         0.87291D+00         0.86700D+00         0.25000D-01         0.25000D-01         0.55964D-01
          20.820         0.89166D+00         0.92300D+00         0.70000D-02         0.70000D-02         0.20047D+02
          20.980         0.91921D+00         0.93100D+00         0.21000D-01         0.21000D-01         0.31519D+00
          21.120         0.93039D+00         0.93900D+00         0.60000D-02         0.60000D-02         0.20595D+01
          21.280         0.93314D+00         0.94000D+00         0.20000D-01         0.20000D-01         0.11751D+00
          21.410         0.92994D+00         0.92300D+00         0.60000D-02         0.60000D-02         0.13379D+01
          21.460         0.92775D+00         0.91500D+00         0.19000D-01         0.19000D-01         0.44998D+00
          21.700         0.91199D+00         0.88100D+00         0.19000D-01         0.19000D-01         0.26606D+01
          21.710         0.91119D+00         0.89800D+00         0.60000D-02         0.60000D-02         0.48331D+01
          21.930         0.89164D+00         0.87000D+00         0.18000D-01         0.18000D-01         0.14450D+01
          22.010         0.88382D+00         0.88300D+00         0.60000D-02         0.60000D-02         0.18788D-01
          22.040         0.88082D+00         0.89600D+00         0.17000D-01         0.17000D-01         0.79736D+00
          22.060         0.87880D+00         0.89200D+00         0.18000D-01         0.18000D-01         0.53789D+00
          22.170         0.86744D+00         0.85100D+00         0.18000D-01         0.18000D-01         0.83411D+00
          22.300         0.85359D+00         0.82500D+00         0.23000D-01         0.23000D-01         0.15449D+01
          22.300         0.85359D+00         0.83100D+00         0.17000D-01         0.17000D-01         0.17654D+01
          22.300         0.85359D+00         0.84200D+00         0.60000D-02         0.60000D-02         0.37298D+01
          22.300         0.85359D+00         0.84700D+00         0.18000D-01         0.18000D-01         0.13394D+00
          22.540         0.82718D+00         0.74400D+00         0.24000D-01         0.24000D-01         0.12013D+02
          22.540         0.82718D+00         0.80600D+00         0.18000D-01         0.18000D-01         0.13852D+01
          22.540         0.82718D+00         0.84400D+00         0.17000D-01         0.17000D-01         0.97836D+00
          22.830         0.79436D+00         0.72800D+00         0.25000D-01         0.25000D-01         0.70463D+01
          22.830         0.79436D+00         0.75500D+00         0.19000D-01         0.19000D-01         0.42919D+01
          22.830         0.79436D+00         0.81700D+00         0.18000D-01         0.18000D-01         0.15817D+01
          23.010         0.77362D+00         0.77000D+00         0.18000D-01         0.18000D-01         0.40488D-01
          23.010         0.77362D+00         0.77300D+00         0.24000D-01         0.24000D-01         0.67148D-03
          23.010         0.77362D+00         0.78200D+00         0.19000D-01         0.19000D-01         0.19444D+00
          23.250         0.74555D+00         0.71400D+00         0.19000D-01         0.19000D-01         0.27578D+01
          23.250         0.74555D+00         0.71700D+00         0.20000D-01         0.20000D-01         0.20381D+01
          23.250         0.74555D+00         0.73000D+00         0.25000D-01         0.25000D-01         0.38700D+00
          23.480         0.71814D+00         0.70500D+00         0.26000D-01         0.26000D-01         0.25547D+00
          23.480         0.71814D+00         0.70900D+00         0.19000D-01         0.19000D-01         0.23149D+00
          23.490         0.71694D+00         0.74600D+00         0.20000D-01         0.20000D-01         0.21117D+01
          23.610         0.70238D+00         0.70100D+00         0.16000D-01         0.16000D-01         0.74514D-02
          23.720         0.68887D+00         0.68100D+00         0.27000D-01         0.27000D-01         0.84915D-01
          23.720         0.68887D+00         0.69600D+00         0.20000D-01         0.20000D-01         0.12717D+00
          23.720         0.68887D+00         0.70000D+00         0.20000D-01         0.20000D-01         0.30981D+00
          23.850         0.67266D+00         0.67800D+00         0.16000D-01         0.16000D-01         0.11146D+00
          24.090         0.64193D+00         0.65700D+00         0.17000D-01         0.17000D-01         0.78605D+00
          24.390         0.60168D+00         0.60200D+00         0.19000D-01         0.19000D-01         0.28532D-03
          24.560         0.57774D+00         0.57100D+00         0.19000D-01         0.19000D-01         0.12595D+00
          24.840         0.53610D+00         0.53600D+00         0.21000D-01         0.21000D-01         0.21550D-04
          25.040         0.50431D+00         0.51900D+00         0.22000D-01         0.22000D-01         0.44563D+00
          25.170         0.48258D+00         0.47200D+00         0.16000D-01         0.16000D-01         0.43705D+00
          25.270         0.46521D+00         0.49400D+00         0.24000D-01         0.24000D-01         0.14391D+01
          25.440         0.43424D+00         0.43700D+00         0.17000D-01         0.17000D-01         0.26388D-01
          25.640         0.39516D+00         0.39000D+00         0.19000D-01         0.19000D-01         0.73808D-01
          25.940         0.33015D+00         0.28800D+00         0.21000D-01         0.21000D-01         0.40281D+01
          26.110         0.28925D+00         0.34500D+00         0.23000D-01         0.23000D-01         0.58746D+01
          26.350         0.22557D+00         0.20300D+00         0.26000D-01         0.26000D-01         0.75357D+00
          26.590         0.15379D+00         0.18800D+00         0.29000D-01         0.29000D-01         0.13913D+01
          26.720         0.11110D+00         0.15800D+00         0.24000D-01         0.24000D-01         0.38196D+01
          26.830         0.72704D-01         0.33000D-01         0.33000D-01         0.33000D-01         0.14475D+01
          26.960         0.24557D-01         0.40000D-01         0.28000D-01         0.28000D-01         0.30420D+00
          27.190        -0.67988D-01        -0.70000D-01         0.31000D-01         0.31000D-01         0.42109D-02
          27.490        -0.20043D+00        -0.25100D+00         0.37000D-01         0.37000D-01         0.18677D+01
          27.670        -0.28206D+00        -0.28400D+00         0.41000D-01         0.41000D-01         0.22499D-02
          27.900        -0.37808D+00        -0.43500D+00         0.44000D-01         0.44000D-01         0.16737D+01
          28.140        -0.44682D+00        -0.43500D+00         0.51000D-01         0.51000D-01         0.53760D-01
          28.140        -0.44682D+00        -0.49600D+00         0.27000D-01         0.27000D-01         0.33171D+01
          28.150        -0.44852D+00        -0.46700D+00         0.31000D-01         0.31000D-01         0.35537D+00
          28.380        -0.44990D+00        -0.40500D+00         0.58000D-01         0.58000D-01         0.59937D+00
          28.620        -0.35667D+00        -0.37800D+00         0.38000D-01         0.38000D-01         0.31493D+00
          28.730        -0.27995D+00        -0.19200D+00         0.33000D-01         0.33000D-01         0.71037D+01
          29.190         0.17035D+00         0.17800D+00         0.39000D-01         0.39000D-01         0.38523D-01
          29.320         0.29785D+00         0.41700D+00         0.30000D-01         0.30000D-01         0.15775D+02
          29.570         0.50405D+00         0.53200D+00         0.33000D-01         0.33000D-01         0.71761D+00
          29.910         0.69003D+00         0.69100D+00         0.23000D-01         0.23000D-01         0.17791D-02
          30.050         0.73918D+00         0.71400D+00         0.28000D-01         0.28000D-01         0.80879D+00
          30.200         0.77804D+00         0.78400D+00         0.18000D-01         0.18000D-01         0.10950D+00
          30.510         0.82448D+00         0.82900D+00         0.50000D-01         0.50000D-01         0.81601D-02
          30.800         0.83997D+00         0.81900D+00         0.16000D-01         0.16000D-01         0.17184D+01
          31.390         0.82695D+00         0.82100D+00         0.15000D-01         0.15000D-01         0.15716D+00
          31.980         0.78529D+00         0.73200D+00         0.17000D-01         0.17000D-01         0.98260D+01
          32.270         0.75946D+00         0.72100D+00         0.15000D-01         0.15000D-01         0.65737D+01
          32.860         0.69956D+00         0.66900D+00         0.16000D-01         0.16000D-01         0.36490D+01
          33.450         0.63046D+00         0.61600D+00         0.19000D-01         0.19000D-01         0.57890D+00
          34.040         0.55010D+00         0.57200D+00         0.21000D-01         0.21000D-01         0.10878D+01
          34.330         0.50516D+00         0.46200D+00         0.20000D-01         0.20000D-01         0.46577D+01
          34.920         0.39853D+00         0.41000D+00         0.25000D-01         0.25000D-01         0.21037D+00
          35.520         0.26110D+00         0.31600D+00         0.31000D-01         0.31000D-01         0.31361D+01
          36.110         0.86594D-01         0.15800D+00         0.43000D-01         0.43000D-01         0.27576D+01
          36.500        -0.51712D-01         0.50000D-01         0.50000D-01         0.50000D-01         0.41381D+01
          37.000        -0.23504D+00        -0.10000D+00         0.60000D-01         0.60000D-01         0.50656D+01
          37.600        -0.33651D+00        -0.30000D+00         0.80000D-01         0.80000D-01         0.20825D+00
          38.250        -0.57959D-01        -0.10000D+00         0.80000D-01         0.80000D-01         0.27616D+00
          38.460         0.97066D-01         0.28000D+00         0.80000D-01         0.80000D-01         0.52289D+01
          39.050         0.48470D+00         0.72000D+00         0.50000D-01         0.50000D-01         0.22146D+02
          39.660         0.69852D+00         0.79000D+00         0.40000D-01         0.40000D-01         0.52301D+01
          40.230         0.77246D+00         0.94000D+00         0.40000D-01         0.40000D-01         0.17544D+02
          42.000         0.72832D+00         0.79000D+00         0.40000D-01         0.40000D-01         0.23779D+01
          42.650         0.67419D+00         0.83000D+00         0.50000D-01         0.50000D-01         0.97103D+01
          43.200         0.61782D+00         0.75000D+00         0.50000D-01         0.50000D-01         0.69885D+01
          43.600         0.56972D+00         0.73000D+00         0.60000D-01         0.60000D-01         0.71356D+01
          43.800         0.54301D+00         0.60000D+00         0.80000D-01         0.80000D-01         0.50749D+00
          44.250         0.47508D+00         0.57000D+00         0.80000D-01         0.80000D-01         0.14077D+01
          45.200         0.28427D+00         0.43000D+00         0.70000D-01         0.70000D-01         0.43342D+01
          45.400         0.23384D+00         0.45000D+00         0.90000D-01         0.90000D-01         0.57684D+01
          46.100         0.31143D-01         0.30000D+00         0.50000D-01         0.50000D-01         0.28914D+02
          46.550        -0.97783D-01         0.40000D+00         0.14000D+00         0.14000D+00         0.12642D+02
          46.650        -0.12096D+00         0.00000D+00         0.90000D-01         0.90000D-01         0.18063D+01
          47.300        -0.14133D+00        -0.80000D-01         0.10000D+00         0.10000D+00         0.37616D+00
          47.900         0.10417D+00        -0.12000D+00         0.12000D+00         0.12000D+00         0.34898D+01
          48.200         0.27213D+00         0.40000D-01         0.15000D+00         0.15000D+00         0.23949D+01
          48.800         0.54934D+00         0.28000D+00         0.12000D+00         0.12000D+00         0.50379D+01
          49.400         0.70219D+00         0.90000D+00         0.10000D+00         0.10000D+00         0.39127D+01
          50.000         0.76780D+00         0.10000D+01         0.80000D-01         0.80000D-01         0.84245D+01
          52.100         0.75111D+00         0.80000D+00         0.50000D-01         0.50000D-01         0.95622D+00
          54.700         0.52423D+00         0.58000D+00         0.10000D+00         0.10000D+00         0.31099D+00
          57.300         0.14281D+00         0.31000D+00         0.30000D+00         0.30000D+00         0.31058D+00
          60.000         0.63049D+00         0.48000D+00         0.35000D+00         0.35000D+00         0.18488D+00
    1   20   32 OBSERVABLE Q       
           5.604         0.20245D+00         0.24200D+00         0.19000D-01         0.19000D-01         0.43339D+01
           6.139         0.22208D+00         0.21300D+00         0.21000D-01         0.21000D-01         0.18681D+00
           6.672         0.24696D+00         0.20400D+00         0.24000D-01         0.24000D-01         0.32038D+01
           7.210         0.27828D+00         0.24600D+00         0.29000D-01         0.29000D-01         0.12391D+01
           7.680         0.31190D+00         0.32500D+00         0.19000D-01         0.19000D-01         0.47553D+00
           8.212         0.35944D+00         0.36300D+00         0.22000D-01         0.22000D-01         0.26165D-01
           8.750         0.42319D+00         0.32900D+00         0.29000D-01         0.29000D-01         0.10549D+02
           9.282         0.51413D+00         0.50500D+00         0.43000D-01         0.43000D-01         0.45054D-01
           9.752         0.64116D+00         0.53500D+00         0.28000D-01         0.28000D-01         0.14375D+02
          10.290         0.88979D+00         0.73500D+00         0.47000D-01         0.47000D-01         0.10846D+02
          10.822         0.79052D+00         0.54900D+00         0.72000D-01         0.72000D-01         0.11253D+02
          11.312         0.21174D+00         0.23000D-01         0.58000D-01         0.58000D-01         0.10589D+02
          11.360         0.19572D+00         0.68000D-01         0.56000D-01         0.56000D-01         0.52017D+01
          11.847         0.18962D+00         0.16100D+00         0.40000D-01         0.40000D-01         0.51211D+00
          12.349         0.25348D+00         0.22800D+00         0.38000D-01         0.38000D-01         0.44951D+00
          12.382         0.25774D+00         0.21100D+00         0.32000D-01         0.32000D-01         0.21337D+01
          12.884         0.31910D+00         0.28100D+00         0.32000D-01         0.32000D-01         0.14177D+01
          12.916         0.32278D+00         0.35200D+00         0.30000D-01         0.30000D-01         0.94875D+00
          13.419         0.37745D+00         0.39700D+00         0.30000D-01         0.30000D-01         0.42471D+00
          13.958         0.43118D+00         0.39700D+00         0.30000D-01         0.30000D-01         0.12982D+01
          14.942         0.52310D+00         0.56600D+00         0.29000D-01         0.29000D-01         0.21882D+01
          15.476         0.57246D+00         0.59000D+00         0.30000D-01         0.30000D-01         0.34170D+00
          16.011         0.62332D+00         0.69400D+00         0.34000D-01         0.34000D-01         0.43217D+01
          16.546         0.67705D+00         0.69800D+00         0.41000D-01         0.41000D-01         0.26112D+00
          18.052         0.85352D+00         0.83300D+00         0.32000D-01         0.32000D-01         0.41119D+00
          18.586         0.90632D+00         0.95200D+00         0.46000D-01         0.46000D-01         0.98607D+00
          19.121         0.85108D+00         0.69500D+00         0.67000D-01         0.67000D-01         0.54271D+01
          19.606         0.51882D+00         0.21100D+00         0.70000D-01         0.70000D-01         0.19338D+02
          19.652         0.47520D+00         0.16100D+00         0.83000D-01         0.83000D-01         0.14330D+02
          20.140         0.15080D+00        -0.56000D-01         0.69000D-01         0.69000D-01         0.89828D+01
          20.674         0.18052D+00         0.14000D+00         0.56000D-01         0.56000D-01         0.52356D+00
          21.208         0.30787D+00         0.32000D+00         0.49000D-01         0.49000D-01         0.61330D-01
    2    0   68   CROSS-SECTION    
           8.803         0.29704D+02         0.24100D+02         0.49800D+00         0.55288D+00         0.10273D+03
           9.166         0.31631D+02         0.26700D+02         0.53400D+00         0.58122D+00         0.71983D+02
           9.519         0.33081D+02         0.27900D+02         0.55100D+00         0.59999D+00         0.74575D+02
           9.882         0.34074D+02         0.30100D+02         0.59800D+00         0.63625D+00         0.39011D+02
          10.245         0.34520D+02         0.30900D+02         0.60600D+00         0.64052D+00         0.31945D+02
          10.360         0.34544D+02         0.31400D+02         0.53700D+00         0.56324D+00         0.31159D+02
          10.723         0.34248D+02         0.30800D+02         0.54100D+00         0.57047D+00         0.36521D+02
          11.075         0.33433D+02         0.30900D+02         0.54200D+00         0.56378D+00         0.20191D+02
          11.439         0.32081D+02         0.29700D+02         0.52600D+00         0.54668D+00         0.18970D+02
          11.802         0.30271D+02         0.28300D+02         0.50400D+00         0.52126D+00         0.14301D+02
          11.916         0.29619D+02         0.28400D+02         0.43500D+00         0.44424D+00         0.75293D+01
          12.279         0.27317D+02         0.26100D+02         0.39900D+00         0.40819D+00         0.88821D+01
          12.632         0.24814D+02         0.24800D+02         0.37800D+00         0.37811D+00         0.13879D-02
          12.995         0.22063D+02         0.22200D+02         0.33600D+00         0.33496D+00         0.16807D+00
          13.358         0.19226D+02         0.20000D+02         0.30400D+00         0.29806D+00         0.67360D+01
          13.472         0.18333D+02         0.18500D+02         0.26800D+00         0.26679D+00         0.39086D+00
          13.835         0.15526D+02         0.15900D+02         0.23100D+00         0.22827D+00         0.26804D+01
          14.188         0.12910D+02         0.13400D+02         0.19400D+00         0.19042D+00         0.66193D+01
          14.550         0.10412D+02         0.11100D+02         0.16700D+00         0.16174D+00         0.18108D+02
          14.913         0.81492D+01         0.93900D+01         0.14400D+00         0.13415D+00         0.85546D+02
          15.028         0.74900D+01         0.92500D+01         0.16100D+00         0.14488D+00         0.14758D+03
          15.390         0.56104D+01         0.71100D+01         0.13400D+00         0.11903D+00         0.15872D+03
          15.743         0.40746D+01         0.54400D+01         0.11100D+00         0.96065D-01         0.20201D+03
          16.106         0.28046D+01         0.39400D+01         0.93200D-01         0.78632D-01         0.20851D+03
          16.469         0.18378D+01         0.27200D+01         0.76200D-01         0.62635D-01         0.19840D+03
          16.583         0.15935D+01         0.30300D+01         0.64200D-01         0.46558D-01         0.95190D+03
          16.946         0.99078D+00         0.14600D+01         0.42200D-01         0.34764D-01         0.18218D+03
          17.298         0.63566D+00         0.95400D+00         0.34200D-01         0.27917D-01         0.13004D+03
          17.619         0.47880D+00         0.69000D+00         0.34300D-01         0.28572D-01         0.54637D+02
          17.661         0.46851D+00         0.67200D+00         0.28700D-01         0.23964D-01         0.72106D+02
          17.982         0.45636D+00         0.50700D+00         0.29000D-01         0.27514D-01         0.33879D+01
          18.024         0.46256D+00         0.47900D+00         0.23800D-01         0.23388D-01         0.49393D+00
          18.335         0.55391D+00         0.48900D+00         0.28900D-01         0.30758D-01         0.44535D+01
          18.697         0.73668D+00         0.65800D+00         0.36000D-01         0.38092D-01         0.42668D+01
          19.060         0.96702D+00         0.76400D+00         0.39700D-01         0.44664D-01         0.20661D+02
          19.174         0.10437D+01         0.83400D+00         0.26000D-01         0.29086D-01         0.51982D+02
          19.537         0.12869D+01         0.88600D+00         0.27800D-01         0.33504D-01         0.14317D+03
          19.889         0.15036D+01         0.11600D+01         0.34400D-01         0.39165D-01         0.76971D+02
          20.251         0.16885D+01         0.14000D+01         0.39600D-01         0.43489D-01         0.43997D+02
          20.614         0.18227D+01         0.15200D+01         0.41000D-01         0.44897D-01         0.45444D+02
          20.914         0.18900D+01         0.15400D+01         0.37700D-01         0.41765D-01         0.70241D+02
          21.443         0.19109D+01         0.16800D+01         0.38400D-01         0.40954D-01         0.31778D+02
          21.805         0.18579D+01         0.17600D+01         0.38700D-01         0.39762D-01         0.60610D+01
          22.168         0.17581D+01         0.17100D+01         0.36100D-01         0.36604D-01         0.17266D+01
          22.468         0.16471D+01         0.15000D+01         0.29600D-01         0.31017D-01         0.22478D+02
          22.996         0.14079D+01         0.14100D+01         0.26700D-01         0.26680D-01         0.63261D-02
          23.358         0.12258D+01         0.12500D+01         0.24200D-01         0.23965D-01         0.10185D+01
          23.721         0.10398D+01         0.11500D+01         0.22000D-01         0.20920D-01         0.27725D+02
          23.834         0.98265D+00         0.99200D+00         0.16000D-01         0.15924D-01         0.34482D+00
          24.197         0.80496D+00         0.83800D+00         0.13600D-01         0.13329D-01         0.61434D+01
          24.549         0.64602D+00         0.64000D+00         0.11600D-01         0.11654D-01         0.26641D+00
          24.911         0.50093D+00         0.51200D+00         0.99100D-02         0.98023D-02         0.12743D+01
          25.273         0.37753D+00         0.43200D+00         0.89100D-02         0.83294D-02         0.42759D+02
          25.387         0.34344D+00         0.38500D+00         0.63500D-02         0.59974D-02         0.48029D+02
          25.749         0.25052D+00         0.27600D+00         0.53500D-02         0.50970D-02         0.24995D+02
          26.101         0.18209D+00         0.22100D+00         0.48500D-02         0.44024D-02         0.78109D+02
          26.463         0.13272D+00         0.16500D+00         0.41700D-02         0.37400D-02         0.74482D+02
          26.825         0.10218D+00         0.12400D+00         0.36500D-02         0.33134D-02         0.43354D+02
          26.939         0.95980D-01         0.12200D+00         0.27500D-02         0.24392D-02         0.11380D+03
          27.301         0.85406D-01         0.97300D-01         0.24200D-02         0.22673D-02         0.27520D+02
          27.652         0.85848D-01         0.84700D-01         0.22200D-02         0.22350D-02         0.26370D+00
          28.014         0.93941D-01         0.84500D-01         0.22100D-02         0.23302D-02         0.16415D+02
          28.376         0.10658D+00         0.83500D-01         0.22300D-02         0.25194D-02         0.83931D+02
          28.490         0.11104D+00         0.82100D-01         0.19900D-02         0.23143D-02         0.15636D+03
          28.851         0.12540D+00         0.80800D-01         0.21000D-02         0.26161D-02         0.29062D+03
          29.203         0.13829D+00         0.90400D-01         0.22400D-02         0.27705D-02         0.29876D+03
          29.565         0.14889D+00         0.95300D-01         0.23500D-02         0.29374D-02         0.33288D+03
          29.926         0.15583D+00         0.95800D-01         0.23700D-02         0.30227D-02         0.39446D+03
    2   -2   67   ASYM. OR IT11    
           8.803         0.51006D+00         0.48640D+00         0.22500D-01         0.22500D-01         0.11061D+01
           9.166         0.52497D+00         0.48340D+00         0.21900D-01         0.21900D-01         0.36028D+01
           9.519         0.53770D+00         0.48200D+00         0.21600D-01         0.21600D-01         0.66496D+01
           9.882         0.54883D+00         0.51280D+00         0.22000D-01         0.22000D-01         0.26822D+01
          10.245         0.55783D+00         0.50510D+00         0.21700D-01         0.21700D-01         0.59055D+01
          10.360         0.56022D+00         0.50500D+00         0.19900D-01         0.19900D-01         0.77002D+01
          10.723         0.56622D+00         0.52400D+00         0.20500D-01         0.20500D-01         0.42414D+01
          11.075         0.56970D+00         0.52400D+00         0.20500D-01         0.20500D-01         0.49706D+01
          11.439         0.57075D+00         0.52440D+00         0.20700D-01         0.20700D-01         0.50127D+01
          11.802         0.56900D+00         0.51770D+00         0.20600D-01         0.20600D-01         0.62026D+01
          11.916         0.56785D+00         0.51760D+00         0.18400D-01         0.18400D-01         0.74581D+01
          12.279         0.56209D+00         0.50740D+00         0.18200D-01         0.18200D-01         0.90311D+01
          12.632         0.55321D+00         0.50070D+00         0.18100D-01         0.18100D-01         0.84153D+01
          12.995         0.54024D+00         0.48040D+00         0.17700D-01         0.17700D-01         0.11429D+02
          13.358         0.52277D+00         0.46770D+00         0.17700D-01         0.17700D-01         0.96814D+01
          13.472         0.51623D+00         0.45010D+00         0.17000D-01         0.17000D-01         0.15134D+02
          13.835         0.49153D+00         0.42620D+00         0.16900D-01         0.16900D-01         0.14943D+02
          14.188         0.46083D+00         0.38610D+00         0.16600D-01         0.16600D-01         0.20268D+02
          14.550         0.42076D+00         0.37320D+00         0.17200D-01         0.17200D-01         0.76456D+01
          14.913         0.36927D+00         0.33070D+00         0.17300D-01         0.17300D-01         0.49711D+01
          15.028         0.35004D+00         0.30940D+00         0.19100D-01         0.19100D-01         0.45271D+01
          15.390         0.27792D+00         0.26210D+00         0.20800D-01         0.20800D-01         0.57836D+00
          15.743         0.18597D+00         0.16110D+00         0.23000D-01         0.23000D-01         0.11694D+01
          16.106         0.61019D-01         0.11360D+00         0.26900D-01         0.26900D-01         0.38208D+01
          16.526        -0.13344D+00        -0.19000D+00         0.30000D-01         0.30000D-01         0.35550D+01
          16.946        -0.37117D+00        -0.28350D+00         0.34200D-01         0.34200D-01         0.65711D+01
          17.298        -0.50613D+00        -0.39690D+00         0.41700D-01         0.41700D-01         0.68617D+01
          17.619        -0.37810D+00        -0.52390D+00         0.56600D-01         0.56600D-01         0.66352D+01
          17.661        -0.33535D+00        -0.49180D+00         0.48600D-01         0.48600D-01         0.10362D+02
          17.982         0.12564D+00        -0.37400D+00         0.66900D-01         0.66900D-01         0.55778D+02
          18.024         0.19185D+00        -0.40630D+00         0.57500D-01         0.57500D-01         0.10822D+03
          18.335         0.60721D+00         0.63100D-01         0.68500D-01         0.68500D-01         0.63094D+02
          18.697         0.86650D+00         0.59680D+00         0.52800D-01         0.52800D-01         0.26090D+02
          19.060         0.96080D+00         0.68320D+00         0.48600D-01         0.48600D-01         0.32625D+02
          19.174         0.97169D+00         0.75540D+00         0.33000D-01         0.33000D-01         0.42958D+02
          19.537         0.97568D+00         0.79760D+00         0.33800D-01         0.33800D-01         0.27759D+02
          19.889         0.95593D+00         0.82030D+00         0.33400D-01         0.33400D-01         0.16489D+02
          20.251         0.92539D+00         0.82090D+00         0.32800D-01         0.32800D-01         0.10148D+02
          20.614         0.89023D+00         0.77390D+00         0.31000D-01         0.31000D-01         0.14081D+02
          20.914         0.85944D+00         0.77030D+00         0.31300D-01         0.31300D-01         0.81103D+01
          21.443         0.80255D+00         0.70140D+00         0.29000D-01         0.29000D-01         0.12166D+02
          21.805         0.76155D+00         0.66700D+00         0.27900D-01         0.27900D-01         0.11484D+02
          22.168         0.71814D+00         0.59720D+00         0.26400D-01         0.26400D-01         0.20985D+02
          22.468         0.67995D+00         0.59530D+00         0.26400D-01         0.26400D-01         0.10282D+02
          22.996         0.60581D+00         0.50620D+00         0.25000D-01         0.25000D-01         0.15876D+02
          23.358         0.54814D+00         0.47350D+00         0.25500D-01         0.25500D-01         0.85681D+01
          23.721         0.48285D+00         0.39770D+00         0.25300D-01         0.25300D-01         0.11327D+02
          23.834         0.46068D+00         0.42130D+00         0.22100D-01         0.22100D-01         0.31755D+01
          24.197         0.38234D+00         0.33430D+00         0.22200D-01         0.22200D-01         0.46824D+01
          24.549         0.29390D+00         0.32500D+00         0.24700D-01         0.24700D-01         0.15850D+01
          24.911         0.18708D+00         0.22560D+00         0.26500D-01         0.26500D-01         0.21125D+01
          25.273         0.61341D-01         0.11760D+00         0.28200D-01         0.28200D-01         0.39800D+01
          25.387         0.17630D-01         0.56000D-01         0.21000D-01         0.21000D-01         0.33385D+01
          25.749        -0.13224D+00        -0.47800D-01         0.24800D-01         0.24800D-01         0.11593D+02
          26.101        -0.28210D+00        -0.19050D+00         0.28200D-01         0.28200D-01         0.10550D+02
          26.463        -0.40079D+00        -0.19050D+00         0.32500D-01         0.32500D-01         0.41866D+02
          26.825        -0.40879D+00        -0.30640D+00         0.37500D-01         0.37500D-01         0.74549D+01
          26.939        -0.37589D+00        -0.29340D+00         0.29900D-01         0.29900D-01         0.76110D+01
          27.301        -0.15612D+00        -0.26440D+00         0.33100D-01         0.33100D-01         0.10701D+02
          27.652         0.14951D+00        -0.16990D+00         0.35200D-01         0.35200D-01         0.82341D+02
          28.014         0.43537D+00         0.11540D+00         0.35200D-01         0.35200D-01         0.82631D+02
          28.376         0.63254D+00         0.24490D+00         0.35500D-01         0.35500D-01         0.11924D+03
          28.490         0.67642D+00         0.29600D+00         0.31000D-01         0.31000D-01         0.15059D+03
          28.851         0.77020D+00         0.50700D+00         0.32500D-01         0.32500D-01         0.65583D+02
          29.203         0.81381D+00         0.49390D+00         0.31100D-01         0.31100D-01         0.10581D+03
          29.565         0.82793D+00         0.53500D+00         0.30900D-01         0.30900D-01         0.89867D+02
          29.926         0.82264D+00         0.54630D+00         0.31000D-01         0.31000D-01         0.79462D+02
