    1    0    1.6485629503E+02
    1    1    1.4792870111E+02
    1    2    1.3676139108E+02
    1    3    1.2612871762E+02
    1    4    1.1454747716E+02
    1    5    9.9943673917E+01
    1    6    8.4888611133E+01
    1    7    6.9452806925E+01
    1    8    5.5035401452E+01
    1    9    4.1528174148E+01
    1   10    3.0009365599E+01
    1   11    2.1220675079E+01
    1   12    1.4297708020E+01
    1   13    8.5576248966E+00
    1   14    3.9180491342E+00
    1   15    1.8541436422E+00
    1   16    6.6062688855E-01
    1   17    1.9701514477E-01
    1   18    5.2581808337E-02
    1   19    1.2737632646E-02
    1   20    2.8415988079E-03
    1   21    5.9018847129E-04
    1   22    1.1498369068E-04
    1   23    2.1124113658E-05
    1   24    3.6741708903E-06
    1   25    6.0705285187E-07
    1   26    9.5541049171E-08
    1   27    1.4354686384E-08
    1   28    2.0620736666E-09
    1   29    2.8355553088E-10
    1   30    3.7430399565E-11
    1   31    4.8335437660E-12
    1   32    7.0241415037E-13
    1   33    2.0392123093E-13
    1   34    1.5368089174E-13
    1   35    1.5558302203E-13
    1   36    1.6255042603E-13
    1   37    1.6609825002E-13
    1   38    1.6540913313E-13
    1   39    1.5617065419E-13
    1   40    1.4136141078E-13
    1   41    1.2021578512E-13
    1   42    9.2820972684E-14
    1   43    6.3510088020E-14
    1   44    3.0047992706E-14
    1   45   -3.4413690370E-15
    1   46   -3.8566096288E-14
    1   47   -7.2090422825E-14
    1   48   -1.0472786459E-13
    1   49   -1.3522978717E-13
    1   50   -1.6246214756E-13
    1   51   -1.8669045467E-13
