<S-MATRIX>      1.00      2.45000000D+01     20.00   10   28
       0.5    +    5    5
  1  1  1   0   0.5   5.2316253D-01   3.4171557D-02 I     0.52427734
  1  2  2   2   1.5   2.5896037D-02   1.7309558D-01 I     0.17502196
  1  3  2   2   2.5  -5.6418412D-03   2.2105152D-01 I     0.22112351
  1  4  3   4   3.5   3.8380624D-02   2.1071298D-02 I     0.04378438
  1  5  3   4   4.5   1.0370640D-01   5.3750271D-02 I     0.11680800
       0.5    -    5    5
  1  1  1   1   0.5   2.3758472D-01  -3.6185597D-01 I     0.43288133
  1  2  2   1   1.5   7.6557693D-02   2.4210146D-01 I     0.25391769
  1  3  2   3   2.5   7.5917115D-02  -9.1848786D-03 I     0.07647072
  1  4  3   3   3.5   1.5930050D-01   9.6931264D-02 I     0.18647338
  1  5  3   5   4.5   1.1542629D-02   2.3412835D-03 I     0.01177769
       1.5    -    9    9
  1  1  1   1   1.5   2.6166937D-01  -2.8718002D-01 I     0.38851412
  1  2  2   1   0.5  -6.1552624D-02  -1.6340202D-01 I     0.17461084
  1  3  2   1   1.5   3.3831776D-02  -1.2727929D-01 I     0.13169893
  1  4  2   3   2.5   4.2972637D-02   2.8031068D-02 I     0.05130681
  1  5  2   3   3.5   2.5469040D-01   6.8600627D-02 I     0.26376741
  1  6  3   3   2.5  -3.7428807D-02  -1.3393361D-02 I     0.03975296
  1  7  3   3   3.5  -6.6242342D-02  -5.6893656D-02 I     0.08732088
  1  8  3   5   4.5   4.6374154D-03   2.2562295D-03 I     0.00515715
  1  9  3   5   5.5   1.7508620D-02  -2.7990139D-03 I     0.01773094
       1.5    +    9    9
  1  1  1   2   1.5  -2.6401473D-01  -3.5806814D-01 I     0.44487815
  1  2  2   0   0.5  -1.0384444D-02  -1.2909669D-01 I     0.12951368
  1  3  2   2   1.5  -1.7986038D-01   7.4821724D-02 I     0.19480258
  1  4  2   2   2.5   1.8729712D-01  -2.4964640D-02 I     0.18895355
  1  5  2   4   3.5   6.6571205D-02  -5.9889150D-02 I     0.08954572
  1  6  3   2   2.5  -1.4275861D-01  -1.1480129D-01 I     0.18319213
  1  7  3   4   3.5  -1.3003228D-02   3.3304468D-02 I     0.03575292
  1  8  3   4   4.5   4.9248302D-02  -4.5247956D-02 I     0.06687879
  1  9  3   6   5.5   2.3051353D-04   1.0041568D-02 I     0.01004421
       2.5    +   12   12
  1  1  1   2   2.5  -1.5795581D-02  -4.9550001D-01 I     0.49575171
  1  2  2   0   0.5  -8.0952275D-03   1.2546122D-01 I     0.12572212
  1  3  2   2   1.5  -1.4846678D-01   2.7614862D-02 I     0.15101313
  1  4  2   2   2.5  -6.3587944D-02  -1.1731617D-01 I     0.13344104
  1  5  2   4   3.5   3.6271445D-02   8.8242574D-03 I     0.03732941
  1  6  2   4   4.5   1.7575535D-01  -1.0513477D-01 I     0.20480055
  1  7  3   2   1.5   1.1578686D-01   8.2081936D-02 I     0.14192970
  1  8  3   2   2.5  -3.6579977D-02   6.3499397D-02 I     0.07328211
  1  9  3   4   3.5  -2.6764694D-02   1.0300747D-02 I     0.02867846
  1 10  3   4   4.5  -6.3735659D-02   5.0675688D-02 I     0.08142641
  1 11  3   6   5.5  -2.1208213D-03   2.5717480D-03 I     0.00333343
  1 12  3   6   6.5  -7.1554735D-03   1.0907892D-02 I     0.01304542
       2.5    -   12   12
  1  1  1   3   2.5  -1.8091622D-01   1.0839559D-01 I     0.21090349
  1  2  2   1   0.5   4.2862113D-02   2.1556265D-03 I     0.04291628
  1  3  2   1   1.5  -3.8942801D-02  -2.9729275D-02 I     0.04899359
  1  4  2   3   2.5   1.0164388D-01   1.1763943D-01 I     0.15546869
  1  5  2   3   3.5  -1.6069610D-02  -1.7510664D-01 I     0.17584246
  1  6  2   5   4.5   5.5214989D-02  -1.3155880D-02 I     0.05676066
  1  7  3   1   1.5   2.9968765D-02   2.3587958D-02 I     0.03813815
  1  8  3   3   2.5  -5.5638219D-02  -1.1456146D-02 I     0.05680541
  1  9  3   3   3.5  -2.0008537D-02   1.2116001D-01 I     0.12280102
  1 10  3   5   4.5  -1.0171263D-02   6.7002065D-03 I     0.01217979
  1 11  3   5   5.5   3.0877299D-03  -1.9151102D-03 I     0.00363342
  1 12  3   7   6.5  -5.9317796D-04   2.3880584D-03 I     0.00246063
       3.5    -   14   14
  1  1  1   3   3.5  -1.3137329D-01  -2.4620799D-01 I     0.27906507
  1  2  2   1   1.5   1.7331803D-01   6.8244698D-02 I     0.18626990
  1  3  2   3   2.5   1.9264891D-02   1.4548738D-01 I     0.14675733
  1  4  2   3   3.5  -6.3293766D-02   2.0463949D-01 I     0.21420415
  1  5  2   5   4.5   2.1787584D-02   4.0431712D-03 I     0.02215956
  1  6  2   5   5.5   6.3380283D-02  -2.2368876D-02 I     0.06721181
  1  7  3   1   0.5  -4.6598244D-02  -6.5088972D-02 I     0.08004980
  1  8  3   1   1.5  -2.6926672D-02  -5.3127435D-02 I     0.05956148
  1  9  3   3   2.5   1.5859439D-02  -9.4141252D-02 I     0.09546778
  1 10  3   3   3.5   5.4950369D-02  -7.5253121D-03 I     0.05546326
  1 11  3   5   4.5  -8.2855314D-03  -2.4544073D-04 I     0.00828917
  1 12  3   5   5.5  -7.0447657D-03   1.5939675D-02 I     0.01742705
  1 13  3   7   6.5  -5.6934120D-04   9.0074422D-04 I     0.00106559
  1 14  3   7   7.5  -1.4823407D-03   4.6647559D-03 I     0.00489462
       3.5    +   14   14
  1  1  1   4   3.5   4.4401332D-01   3.4358488D-01 I     0.56142532
  1  2  2   2   1.5   5.2140539D-02  -2.9515544D-02 I     0.05991497
  1  3  2   2   2.5  -2.9955886D-02  -1.2794644D-02 I     0.03257389
  1  4  2   4   3.5   1.4348953D-01  -1.3374977D-02 I     0.14411154
  1  5  2   4   4.5  -8.8194985D-02  -6.4363651D-03 I     0.08842953
  1  6  2   6   5.5   4.7209200D-02  -2.3161977D-02 I     0.05258503
  1  7  3   0   0.5  -8.5555884D-03  -1.6018914D-02 I     0.01816050
  1  8  3   2   1.5  -1.6404602D-02   1.7081746D-02 I     0.02368326
  1  9  3   2   2.5   2.5430142D-02   3.3290584D-03 I     0.02564712
  1 10  3   4   3.5  -4.8835825D-02   9.4581100D-03 I     0.04974328
  1 11  3   4   4.5   6.7154477D-02   5.5101420D-03 I     0.06738016
  1 12  3   6   5.5  -1.3844617D-02   6.3277820D-03 I     0.01522216
  1 13  3   6   6.5   8.4831293D-03  -1.8897216D-03 I     0.00869106
  1 14  3   8   7.5  -2.4304022D-03   1.5077719D-03 I     0.00286011
       4.5    +   15   15
  1  1  1   4   4.5   2.9513930D-01   2.4140885D-01 I     0.38129443
  1  2  2   2   2.5   1.4800329D-01  -6.8070850D-02 I     0.16290677
  1  3  2   4   3.5   7.5886748D-02   1.1258855D-02 I     0.07671741
  1  4  2   4   4.5   2.4955941D-01   7.0292030D-02 I     0.25926987
  1  5  2   6   5.5   1.2159974D-02  -3.4767159D-03 I     0.01264723
  1  6  2   6   6.5   6.0351808D-02  -1.4814770D-02 I     0.06214353
  1  7  3   0   0.5   2.7625678D-02   4.3365460D-02 I     0.05141732
  1  8  3   2   1.5  -4.2219473D-02   7.1841097D-03 I     0.04282634
  1  9  3   2   2.5  -6.4250162D-02   2.7724409D-02 I     0.06997661
  1 10  3   4   3.5  -5.7733032D-02  -1.2320803D-02 I     0.05903309
  1 11  3   4   4.5  -9.3135454D-02  -3.8589907D-02 I     0.10081366
  1 12  3   6   5.5  -8.3919685D-03   1.2974158D-03 I     0.00849167
  1 13  3   6   6.5  -1.8162034D-02   1.4734726D-03 I     0.01822171
  1 14  3   8   7.5  -6.2707158D-04   2.9485048D-04 I     0.00069293
  1 15  3   8   8.5  -2.4695570D-03   1.1874415D-03 I     0.00274021
       4.5    -   15   15
  1  1  1   5   4.5   8.5776971D-01   1.9106818D-01 I     0.87879231
  1  2  2   3   2.5   6.2005899D-02  -1.5308250D-03 I     0.06202479
  1  3  2   3   3.5  -2.4551359D-02  -9.0606218D-03 I     0.02616991
  1  4  2   5   4.5   5.0350072D-02  -4.0518131D-02 I     0.06462854
  1  5  2   5   5.5  -1.5596891D-02   1.2220222D-02 I     0.01981406
  1  6  2   7   6.5   1.4070723D-02  -1.7198443D-02 I     0.02222097
  1  7  3   1   0.5  -3.2026604D-03   1.1811932D-02 I     0.01223841
  1  8  3   1   1.5   6.0028090D-03  -6.7095976D-03 I     0.00900291
  1  9  3   3   2.5  -2.5286432D-02   1.9951642D-03 I     0.02536502
  1 10  3   3   3.5   1.9817717D-02   1.0108571D-02 I     0.02224691
  1 11  3   5   4.5  -2.0083006D-02   1.6657733D-02 I     0.02609228
  1 12  3   5   5.5   1.2137338D-02  -9.5037747D-03 I     0.01541547
  1 13  3   7   6.5  -4.6202868D-03   5.3881303D-03 I     0.00709782
  1 14  3   7   7.5   1.6852981D-03  -1.9616699D-03 I     0.00258619
  1 15  3   9   8.5  -8.2270468D-04   1.1775967D-03 I     0.00143652
       5.5    -   15   15
  1  1  1   5   5.5   8.3891619D-01   2.0164460D-01 I     0.86280990
  1  2  2   3   3.5   6.7082116D-02   3.5762950D-03 I     0.06717738
  1  3  2   5   4.5   1.4712618D-02  -1.1358165D-02 I     0.01858680
  1  4  2   5   5.5   6.5833688D-02  -5.1433217D-02 I     0.08354310
  1  5  2   7   6.5   2.4949857D-03  -2.9227731D-03 I     0.00384286
  1  6  2   7   7.5   1.6299540D-02  -1.9044259D-02 I     0.02506709
  1  7  3   1   1.5  -8.8107154D-03   7.9027101D-03 I     0.01183560
  1  8  3   3   2.5  -1.3170989D-02  -2.8321354D-03 I     0.01347204
  1  9  3   3   3.5  -2.1503572D-02  -2.6794629D-03 I     0.02166987
  1 10  3   5   4.5  -1.1603851D-02   8.8314954D-03 I     0.01458234
  1 11  3   5   5.5  -2.7052603D-02   2.1012032D-02 I     0.03425418
  1 12  3   7   6.5  -1.8553471D-03   2.0460132D-03 I     0.00276197
  1 13  3   7   7.5  -5.5078181D-03   6.0471715D-03 I     0.00817951
  1 14  3   9   8.5  -1.7181021D-04   2.3542208D-04 I     0.00029145
  1 15  3   9   9.5  -8.9390040D-04   1.2155389D-03 I     0.00150884
       5.5    +   15   15
  1  1  1   6   5.5   9.6739066D-01   6.8941362D-02 I     0.96984411
  1  2  2   4   3.5   4.8639042D-02  -2.4807693D-02 I     0.05460017
  1  3  2   4   4.5  -1.4295333D-02   5.3771914D-03 I     0.01527320
  1  4  2   6   5.5   1.3474239D-02  -1.8170248D-02 I     0.02262108
  1  5  2   6   6.5  -3.1726790D-03   3.9474536D-03 I     0.00506441
  1  6  2   8   7.5   3.2273511D-03  -6.4675239D-03 I     0.00722805
  1  7  3   2   1.5  -8.0180229D-04   1.2764122D-02 I     0.01278928
  1  8  3   2   2.5   3.5219270D-03  -5.5430841D-03 I     0.00656732
  1  9  3   4   3.5  -1.9921783D-02   1.0857316D-02 I     0.02268830
  1 10  3   4   4.5   1.3567951D-02  -5.0803834D-03 I     0.01448791
  1 11  3   6   5.5  -5.7081295D-03   7.4820898D-03 I     0.00941087
  1 12  3   6   6.5   2.6169738D-03  -3.0873289D-03 I     0.00404724
  1 13  3   8   7.5  -1.0705725D-03   2.0438237D-03 I     0.00230724
  1 14  3   8   8.5   3.1164120D-04  -5.7272635D-04 I     0.00065202
  1 15  3  10   9.5  -1.7681130D-04   4.4356671D-04 I     0.00047751
       6.5    +   15   15
  1  1  1   6   6.5   9.6496903D-01   6.9249573D-02 I     0.96745063
  1  2  2   4   4.5   6.8559139D-02  -1.8891536D-02 I     0.07111431
  1  3  2   6   5.5   2.9310591D-03  -3.5775462D-03 I     0.00462493
  1  4  2   6   6.5   1.5507442D-02  -1.8972216D-02 I     0.02450359
  1  5  2   8   7.5   4.4550861D-04  -8.6883226D-04 I     0.00097640
  1  6  2   8   8.5   3.3598272D-03  -6.5929700D-03 I     0.00739971
  1  7  3   2   2.5  -1.0893273D-02   1.9147613D-02 I     0.02202940
  1  8  3   4   3.5  -1.0600050D-02   3.2515632D-03 I     0.01108755
  1  9  3   4   4.5  -2.9404139D-02   7.1891220D-03 I     0.03027023
  1 10  3   6   5.5  -2.4193001D-03   2.7754165D-03 I     0.00368184
  1 11  3   6   6.5  -6.7205181D-03   7.7269035D-03 I     0.01024062
  1 12  3   8   7.5  -3.2607269D-04   6.0229379D-04 I     0.00068490
  1 13  3   8   8.5  -1.1237569D-03   2.0885300D-03 I     0.00237166
  1 14  3  10   9.5  -2.9913783D-05   7.4673681D-05 I     0.00008044
  1 15  3  10  10.5  -1.7785192D-04   4.4471987D-04 I     0.00047896
       6.5    -   15   15
  1  1  1   7   6.5   9.9295328D-01   2.2613206D-02 I     0.99321074
  1  2  2   5   4.5   1.3631359D-02  -1.7181218D-02 I     0.02193190
  1  3  2   5   5.5  -2.5393876D-03   3.1643912D-03 I     0.00405732
  1  4  2   7   6.5   3.0346539D-03  -6.6001543D-03 I     0.00726438
  1  5  2   7   7.5  -5.4974870D-04   1.1852187D-03 I     0.00130651
  1  6  2   9   8.5   6.8582158D-04  -2.0841425D-03 I     0.00219408
  1  7  3   3   2.5  -5.8559366D-03   1.6852709D-03 I     0.00609361
  1  8  3   3   3.5   1.9853713D-03  -1.7654507D-04 I     0.00199321
  1  9  3   5   4.5  -5.5442238D-03   7.1713456D-03 I     0.00906458
  1 10  3   5   5.5   2.3042707D-03  -2.9207568D-03 I     0.00372028
  1 11  3   7   6.5  -1.2917981D-03   2.7238890D-03 I     0.00301468
  1 12  3   7   7.5   4.4448108D-04  -9.2704684D-04 I     0.00102809
  1 13  3   9   8.5  -2.2283072D-04   6.4455924D-04 I     0.00068199
  1 14  3   9   9.5   5.3947960D-05  -1.5486382D-04 I     0.00016399
  1 15  3  11  10.5  -3.5044449D-05   1.3106201D-04 I     0.00013567
       7.5    -   15   15
  1  1  1   7   7.5   9.9270769D-01   2.2872905D-02 I     0.99297116
  1  2  2   5   5.5   1.5797132D-02  -1.9347078D-02 I     0.02497717
  1  3  2   7   6.5   5.1937196D-04  -1.1073051D-03 I     0.00122306
  1  4  2   7   7.5   3.2397795D-03  -6.8976066D-03 I     0.00762057
  1  5  2   9   8.5   8.0949434D-05  -2.4344617D-04 I     0.00025655
  1  6  2   9   9.5   7.0007908D-04  -2.1038969D-03 I     0.00221732
  1  7  3   3   3.5  -5.5829862D-03   1.5810494D-03 I     0.00580254
  1  8  3   5   4.5  -1.8919773D-03   2.3456859D-03 I     0.00301361
  1  9  3   5   5.5  -6.5393421D-03   8.1106524D-03 I     0.01041853
  1 10  3   7   6.5  -4.2092251D-04   8.6568765D-04 I     0.00096260
  1 11  3   7   7.5  -1.3962949D-03   2.8664294D-03 I     0.00318843
  1 12  3   9   8.5  -5.7515256D-05   1.6433692D-04 I     0.00017411
  1 13  3   9   9.5  -2.2908436D-04   6.5368455D-04 I     0.00069266
  1 14  3  11  10.5  -5.2296287D-06   1.9489953D-05 I     0.00002018
  1 15  3  11  11.5  -3.5070486D-05   1.3057462D-04 I     0.00013520
       7.5    +   15   15
  1  1  1   8   7.5   9.9852291D-01   6.7496348D-03 I     0.99854572
  1  2  2   6   5.5   3.2163218D-03  -6.5128162D-03 I     0.00726371
  1  3  2   6   6.5  -4.8187082D-04   9.5254710D-04 I     0.00106749
  1  4  2   8   7.5   6.3420473D-04  -2.0198256D-03 I     0.00211705
  1  5  2   8   8.5  -9.7453038D-05   3.0817100D-04 I     0.00032321
  1  6  2  10   9.5   1.3564248D-04  -5.8129915D-04 I     0.00059692
  1  7  3   4   3.5  -4.9390648D-03   3.7719391D-03 I     0.00621465
  1  8  3   4   4.5   1.4970654D-03  -9.7986711D-04 I     0.00178923
  1  9  3   6   5.5  -1.2937801D-03   2.6145308D-03 I     0.00291713
  1 10  3   6   6.5   4.2827852D-04  -8.3974711D-04 I     0.00094265
  1 11  3   8   7.5  -2.6156947D-04   8.0329181D-04 I     0.00084481
  1 12  3   8   8.5   7.5534326D-05  -2.3007126D-04 I     0.00024215
  1 13  3  10   9.5  -4.2077050D-05   1.7125100D-04 I     0.00017634
  1 14  3  10  10.5   8.8458556D-06  -3.5952469D-05 I     0.00003702
  1 15  3  12  11.5  -6.3911382D-06   3.2117082D-05 I     0.00003275
       8.5    +   15   15
  1  1  1   8   8.5   9.9850389D-01   6.7723718D-03 I     0.99852686
  1  2  2   6   6.5   3.4894446D-03  -6.7825389D-03 I     0.00762752
  1  3  2   8   7.5   9.2410942D-05  -2.9020093D-04 I     0.00030456
  1  4  2   8   8.5   6.4992008D-04  -2.0494961D-03 I     0.00215008
  1  5  2  10   9.5   1.4079326D-05  -6.0179490D-05 I     0.00006180
  1  6  2  10  10.5   1.3592631D-04  -5.8150560D-04 I     0.00059718
  1  7  3   4   4.5  -6.2903681D-03   3.7200282D-03 I     0.00730803
  1  8  3   6   5.5  -3.6495253D-04   6.8912121D-04 I     0.00077979
  1  9  3   6   6.5  -1.4185486D-03   2.7329006D-03 I     0.00307913
  1 10  3   8   7.5  -7.1672433D-05   2.1663861D-04 I     0.00022819
  1 11  3   8   8.5  -2.6947518D-04   8.1829226D-04 I     0.00086152
  1 12  3  10   9.5  -9.4712095D-06   3.8444535D-05 I     0.00003959
  1 13  3  10  10.5  -4.2293741D-05   1.7180503D-04 I     0.00017693
  1 14  3  12  11.5  -8.5496533D-07   4.2967861D-06 I     0.00000438
  1 15  3  12  12.5  -6.3535485D-06   3.1925000D-05 I     0.00003255
       8.5    -   15   15
  1  1  1   9   8.5   9.9970294D-01   1.8211374D-03 I     0.99970459
  1  2  2   7   6.5   6.7690993D-04  -2.1035913D-03 I     0.00220982
  1  3  2   7   7.5  -8.4807926D-05   2.6282971D-04 I     0.00027617
  1  4  2   9   8.5   1.2548820D-04  -5.5115317D-04 I     0.00056526
  1  5  2   9   9.5  -1.6889087D-05   7.4135516D-05 I     0.00007603
  1  6  2  11  10.5   2.5423088D-05  -1.4112992D-04 I     0.00014340
  1  7  3   5   4.5  -1.2240040D-03   2.1335536D-03 I     0.00245972
  1  8  3   5   5.5   2.7004890D-04  -4.6567603D-04 I     0.00053831
  1  9  3   7   6.5  -2.6397188D-04   8.0551571D-04 I     0.00084767
  1 10  3   7   7.5   7.2193239D-05  -2.1952805D-04 I     0.00023109
  1 11  3   9   8.5  -4.9402622D-05   2.0741029D-04 I     0.00021321
  1 12  3   9   9.5   1.2408987D-05  -5.2063676D-05 I     0.00005352
  1 13  3  11  10.5  -7.4565834D-06   3.9088508D-05 I     0.00003979
  1 14  3  11  11.5   1.3987777D-06  -7.3347007D-06 I     0.00000747
  1 15  3  13  12.5  -1.0723258D-06   6.6062182D-06 I     0.00000669
       9.5    -   15   15
  1  1  1   9   9.5   9.9970153D-01   1.8242223D-03 I     0.99970319
  1  2  2   7   7.5   6.9983590D-04  -2.1565652D-03 I     0.00226728
  1  3  2   9   8.5   1.6062940D-05  -7.0348980D-05 I     0.00007216
  1  4  2   9   9.5   1.2666636D-04  -5.5502884D-04 I     0.00056930
  1  5  2  11  10.5   2.3777933D-06  -1.3197039D-05 I     0.00001341
  1  6  2  11  11.5   2.5379131D-05  -1.4086248D-04 I     0.00014313
  1  7  3   5   5.5  -1.3589626D-03   2.3043259D-03 I     0.00267520
  1  8  3   7   6.5  -6.1037567D-05   1.8380968D-04 I     0.00019368
  1  9  3   7   7.5  -2.7455563D-04   8.2911380D-04 I     0.00087339
  1 10  3   9   8.5  -1.1806975D-05   4.9407252D-05 I     0.00005080
  1 11  3   9   9.5  -5.0028660D-05   2.0946055D-04 I     0.00021535
  1 12  3  11  10.5  -1.5055602D-06   7.8913874D-06 I     0.00000803
  1 13  3  11  11.5  -7.4581890D-06   3.9091352D-05 I     0.00003980
  1 14  3  13  12.5  -1.3063326D-07   8.0533175D-07 I     0.00000082
  1 15  3  13  13.5  -1.0652279D-06   6.5660776D-06 I     0.00000665
       9.5    +   15   15
  1  1  1  10   9.5   9.9994404D-01   4.3693655D-04 I     0.99994414
  1  2  2   8   7.5   1.3334586D-04  -5.8721875D-04 I     0.00060217
  1  3  2   8   8.5  -1.4611563D-05   6.4481185D-05 I     0.00006612
  1  4  2  10   9.5   2.3237177D-05  -1.3130970D-04 I     0.00013335
  1  5  2  10  10.5  -2.8006308D-06   1.5847619D-05 I     0.00001609
  1  6  2  12  11.5   4.4009183D-06  -2.9497021D-05 I     0.00002982
  1  7  3   6   5.5  -2.4525275D-04   7.2193228D-04 I     0.00076245
  1  8  3   6   6.5   4.4281837D-05  -1.3116939D-04 I     0.00013844
  1  9  3   8   7.5  -4.9482895D-05   2.1079462D-04 I     0.00021652
  1 10  3   8   8.5   1.1744584D-05  -5.0186794D-05 I     0.00005154
  1 11  3  10   9.5  -8.6265542D-06   4.6217224D-05 I     0.00004702
  1 12  3  10  10.5   1.9311107D-06  -1.0363972D-05 I     0.00001054
  1 13  3  12  11.5  -1.2123428D-06   7.6299490D-06 I     0.00000773
  1 14  3  12  12.5   2.0585612D-07  -1.2967616D-06 I     0.00000131
  1 15  3  14  13.5  -1.6239847D-07   1.1485913D-06 I     0.00000116
      10.5    +   15   15
  1  1  1  10  10.5   9.9994401D-01   4.3724327D-04 I     0.99994411
  1  2  2   8   8.5   1.2706906D-04  -5.9092484D-04 I     0.00060443
  1  3  2  10   9.5   2.6110858D-06  -1.5085179D-05 I     0.00001531
  1  4  2  10  10.5   2.2763378D-05  -1.3148892D-04 I     0.00013344
  1  5  2  12  11.5   3.7199909D-07  -2.5162979D-06 I     0.00000254
  1  6  2  12  12.5   4.3462550D-06  -2.9395525D-05 I     0.00002972
  1  7  3   6   6.5  -2.4071978D-04   7.4418656D-04 I     0.00078215
  1  8  3   8   7.5  -9.8604085D-06   4.2205954D-05 I     0.00004334
  1  9  3   8   8.5  -5.0017955D-05   2.1393251D-04 I     0.00021970
  1 10  3  10   9.5  -1.8392472D-06   9.8820613D-06 I     0.00001005
  1 11  3  10  10.5  -8.6482433D-06   4.6446014D-05 I     0.00004724
  1 12  3  12  11.5  -2.2231251D-07   1.4018286D-06 I     0.00000142
  1 13  3  12  12.5  -1.2088344D-06   7.6201971D-06 I     0.00000772
  1 14  3  14  13.5   0.0000000D+00   0.0000000D+00 I     0.00000000
  1 15  3  14  14.5  -1.6126501D-07   1.1419536D-06 I     0.00000115
      10.5    -   15   15
  1  1  1  11  10.5   9.9999042D-01   9.4197432D-05 I     0.99999043
  1  2  2   9   8.5   2.5121026D-05  -1.4254151D-04 I     0.00014474
  1  3  2   9   9.5  -2.2341476D-06   1.3593696D-05 I     0.00001378
  1  4  2  11  10.5   3.9931932D-06  -2.7044625D-05 I     0.00002734
  1  5  2  11  11.5   0.0000000D+00   0.0000000D+00 I     0.00000000
  1  6  2  13  12.5   6.9115637D-07  -5.2903956D-06 I     0.00000534
  1  7  3   7   6.5  -4.7697923D-05   2.0121966D-04 I     0.00020680
  1  8  3   7   7.5   6.1938589D-06  -2.9608576D-05 I     0.00003025
  1  9  3   9   8.5  -8.7672503D-06   4.7520405D-05 I     0.00004832
  1 10  3   9   9.5   1.7766638D-06  -9.9695860D-06 I     0.00001013
  1 11  3  11  10.5  -1.3888775D-06   8.8543849D-06 I     0.00000896
  1 12  3  11  11.5   0.0000000D+00   0.0000000D+00 I     0.00000000
  1 13  3  13  12.5  -1.7816768D-07   1.2743074D-06 I     0.00000129
  1 14  3  13  13.5   0.0000000D+00   0.0000000D+00 I     0.00000000
  1 15  3  15  14.5  -2.1871165D-08   1.7016254D-07 I     0.00000017
      11.5    -   15   15
  1  1  1  11  11.5   9.9999042D-01   9.4221215D-05 I     0.99999043
  1  2  2   9   9.5   2.4609184D-05  -1.4302200D-04 I     0.00014512
  1  3  2  11  10.5   0.0000000D+00   0.0000000D+00 I     0.00000000
  1  4  2  11  11.5   3.9540793D-06  -2.7050498D-05 I     0.00002734
  1  5  2  13  12.5   0.0000000D+00   0.0000000D+00 I     0.00000000
  1  6  2  13  13.5   6.8594163D-07  -5.2734853D-06 I     0.00000532
  1  7  3   7   7.5  -4.7441053D-05   2.0439022D-04 I     0.00020982
  1  8  3   9   8.5   0.0000000D+00   0.0000000D+00 I     0.00000000
  1  9  3   9   9.5  -8.8263084D-06   4.7945238D-05 I     0.00004875
  1 10  3  11  10.5   0.0000000D+00   0.0000000D+00 I     0.00000000
  1 11  3  11  11.5  -1.3910663D-06   8.8797512D-06 I     0.00000899
  1 12  3  13  12.5   0.0000000D+00   0.0000000D+00 I     0.00000000
  1 13  3  13  13.5  -1.7773348D-07   1.2722930D-06 I     0.00000128
  1 14  3  15  14.5   0.0000000D+00   0.0000000D+00 I     0.00000000
  1 15  3  15  15.5  -2.1745657D-08   1.6929582D-07 I     0.00000017
      11.5    +   15   15
  1  1  1  12  11.5   9.9999850D-01   1.8787693D-05 I     0.99999850
  1  2  2  10   9.5   4.3459785D-06  -2.9778251D-05 I     0.00003009
  1  3  2  10  10.5   0.0000000D+00   0.0000000D+00 I     0.00000000
  1  4  2  12  11.5   6.1990366D-07  -4.7925511D-06 I     0.00000483
  1  5  2  12  12.5   0.0000000D+00   0.0000000D+00 I     0.00000000
  1  6  2  14  13.5   9.6845563D-08  -8.1601757D-07 I     0.00000082
  1  7  3   8   7.5  -8.6291920D-06   4.7518331D-05 I     0.00004830
  1  8  3   8   8.5   0.0000000D+00   0.0000000D+00 I     0.00000000
  1  9  3  10   9.5  -1.4249942D-06   9.1909601D-06 I     0.00000930
  1 10  3  10  10.5   0.0000000D+00   0.0000000D+00 I     0.00000000
  1 11  3  12  11.5   0.0000000D+00   0.0000000D+00 I     0.00000000
  1 12  3  12  12.5   0.0000000D+00   0.0000000D+00 I     0.00000000
  1 13  3  14  13.5   0.0000000D+00   0.0000000D+00 I     0.00000000
  1 14  3  14  14.5   0.0000000D+00   0.0000000D+00 I     0.00000000
  1 15  3  16  15.5   0.0000000D+00   0.0000000D+00 I     0.00000000
      12.5    +   15   15
  1  1  1  12  12.5   9.9999850D-01   1.8789999D-05 I     0.99999850
  1  2  2  10  10.5   4.3636350D-06  -2.9925723D-05 I     0.00003024
  1  3  2  12  11.5   0.0000000D+00   0.0000000D+00 I     0.00000000
  1  4  2  12  12.5   6.2045838D-07  -4.7974087D-06 I     0.00000484
  1  5  2  14  13.5   0.0000000D+00   0.0000000D+00 I     0.00000000
  1  6  2  14  14.5   9.6591031D-08  -8.1412256D-07 I     0.00000082
  1  7  3   8   8.5  -8.8121818D-06   4.8228636D-05 I     0.00004903
  1  8  3  10   9.5   0.0000000D+00   0.0000000D+00 I     0.00000000
  1  9  3  10  10.5  -1.4327563D-06   9.2475937D-06 I     0.00000936
  1 10  3  12  11.5   0.0000000D+00   0.0000000D+00 I     0.00000000
  1 11  3  12  12.5   0.0000000D+00   0.0000000D+00 I     0.00000000
  1 12  3  14  13.5   0.0000000D+00   0.0000000D+00 I     0.00000000
  1 13  3  14  14.5   0.0000000D+00   0.0000000D+00 I     0.00000000
  1 14  3  16  15.5   0.0000000D+00   0.0000000D+00 I     0.00000000
  1 15  3  16  16.5   0.0000000D+00   0.0000000D+00 I     0.00000000
      12.5    -   15   15
  1  1  1  13  12.5   9.9999979D-01   3.5270254D-06 I     0.99999979
  1  2  2  11  10.5   0.0000000D+00   0.0000000D+00 I     0.00000000
  1  3  2  11  11.5   0.0000000D+00   0.0000000D+00 I     0.00000000
  1  4  2  13  12.5   0.0000000D+00   0.0000000D+00 I     0.00000000
  1  5  2  13  13.5   0.0000000D+00   0.0000000D+00 I     0.00000000
  1  6  2  15  14.5   0.0000000D+00   0.0000000D+00 I     0.00000000
  1  7  3   9   8.5   0.0000000D+00   0.0000000D+00 I     0.00000000
  1  8  3   9   9.5   0.0000000D+00   0.0000000D+00 I     0.00000000
  1  9  3  11  10.5   0.0000000D+00   0.0000000D+00 I     0.00000000
  1 10  3  11  11.5   0.0000000D+00   0.0000000D+00 I     0.00000000
  1 11  3  13  12.5   0.0000000D+00   0.0000000D+00 I     0.00000000
  1 12  3  13  13.5   0.0000000D+00   0.0000000D+00 I     0.00000000
  1 13  3  15  14.5   0.0000000D+00   0.0000000D+00 I     0.00000000
  1 14  3  15  15.5   0.0000000D+00   0.0000000D+00 I     0.00000000
  1 15  3  17  16.5   0.0000000D+00   0.0000000D+00 I     0.00000000
      13.5    -   15   15
  1  1  1  13  13.5   1.0000000D+00   0.0000000D+00 I     1.00000000
  1  2  2  11  11.5   0.0000000D+00   0.0000000D+00 I     0.00000000
  1  3  2  13  12.5   0.0000000D+00   0.0000000D+00 I     0.00000000
  1  4  2  13  13.5   0.0000000D+00   0.0000000D+00 I     0.00000000
  1  5  2  15  14.5   0.0000000D+00   0.0000000D+00 I     0.00000000
  1  6  2  15  15.5   0.0000000D+00   0.0000000D+00 I     0.00000000
  1  7  3   9   9.5   0.0000000D+00   0.0000000D+00 I     0.00000000
  1  8  3  11  10.5   0.0000000D+00   0.0000000D+00 I     0.00000000
  1  9  3  11  11.5   0.0000000D+00   0.0000000D+00 I     0.00000000
  1 10  3  13  12.5   0.0000000D+00   0.0000000D+00 I     0.00000000
  1 11  3  13  13.5   0.0000000D+00   0.0000000D+00 I     0.00000000
  1 12  3  15  14.5   0.0000000D+00   0.0000000D+00 I     0.00000000
  1 13  3  15  15.5   0.0000000D+00   0.0000000D+00 I     0.00000000
  1 14  3  17  16.5   0.0000000D+00   0.0000000D+00 I     0.00000000
  1 15  3  17  17.5   0.0000000D+00   0.0000000D+00 I     0.00000000
      13.5    +   15   15
  1  1  1  14  13.5   9.9999997D-01   6.2058817D-07 I     0.99999997
  1  2  2  12  11.5   0.0000000D+00   0.0000000D+00 I     0.00000000
  1  3  2  12  12.5   0.0000000D+00   0.0000000D+00 I     0.00000000
  1  4  2  14  13.5   0.0000000D+00   0.0000000D+00 I     0.00000000
  1  5  2  14  14.5   0.0000000D+00   0.0000000D+00 I     0.00000000
  1  6  2  16  15.5   0.0000000D+00   0.0000000D+00 I     0.00000000
  1  7  3  10   9.5   0.0000000D+00   0.0000000D+00 I     0.00000000
  1  8  3  10  10.5   0.0000000D+00   0.0000000D+00 I     0.00000000
  1  9  3  12  11.5   0.0000000D+00   0.0000000D+00 I     0.00000000
  1 10  3  12  12.5   0.0000000D+00   0.0000000D+00 I     0.00000000
  1 11  3  14  13.5   0.0000000D+00   0.0000000D+00 I     0.00000000
  1 12  3  14  14.5   0.0000000D+00   0.0000000D+00 I     0.00000000
  1 13  3  16  15.5   0.0000000D+00   0.0000000D+00 I     0.00000000
  1 14  3  16  16.5   0.0000000D+00   0.0000000D+00 I     0.00000000
  1 15  3  18  17.5   0.0000000D+00   0.0000000D+00 I     0.00000000
