<TLJ     >      1.01      8.00000000D-01    238.05    0    9
       0.5    +    5
  1     0      0.5      4.11539320D-01
  2     2      1.5      3.10173165D-01
  2     2      2.5      2.44834135D-01
  3     4      3.5      4.82160518D-03
  3     4      4.5      4.97161842D-03
       1.5    +    8
  1     2      1.5      2.23591101D-01
  2     0      0.5      4.32139058D-01
  2     2      1.5      2.26150617D-01
  2     2      2.5      2.93671776D-01
  2     4      3.5      7.71000793D-03
  3     2      2.5      3.15404909D-01
  3     4      3.5      4.06194823D-03
  3     4      4.5      6.01051202D-03
       2.5    +   10
  1     2      2.5      2.23197641D-01
  2     0      0.5      4.29267789D-01
  2     2      1.5      1.75616750D-01
  2     2      2.5      1.73572503D-01
  2     4      3.5      4.58068269D-03
  2     4      4.5      9.19855062D-03
  3     2      1.5      2.53371690D-01
  3     2      2.5      2.61088358D-01
  3     4      3.5      3.00820383D-03
  3     4      4.5      4.24929197D-03
       3.5    +   10
  1     4      3.5      5.91232337D-03
  2     2      1.5      2.59593903D-01
  2     2      2.5      2.09480947D-01
  2     4      3.5      4.05978827D-03
  2     4      4.5      6.16573059D-03
  3     0      0.5      4.87391163D-01
  3     2      1.5      1.80573285D-01
  3     2      2.5      2.07535066D-01
  3     4      3.5      2.31265577D-03
  3     4      4.5      3.83810967D-03
       4.5    +    9
  1     4      4.5      7.32417796D-03
  2     2      2.5      2.39738605D-01
  2     4      3.5      2.96638169D-03
  2     4      4.5      4.61496675D-03
  3     0      0.5      4.52837357D-01
  3     2      1.5      1.35222605D-01
  3     2      2.5      1.63672742D-01
  3     4      3.5      2.02617409D-03
  3     4      4.5      2.58813286D-03
       0.5    -    4
  1     1      0.5      6.92028833D-01
  2     1      1.5      6.84855994D-01
  2     3      2.5      6.89516452D-02
  3     3      3.5      4.96675563D-02
       1.5    -    7
  1     1      1.5      7.35081412D-01
  2     1      0.5      6.72183055D-01
  2     1      1.5      7.18566286D-01
  2     3      2.5      9.67131647D-02
  2     3      3.5      6.83945716D-02
  3     3      2.5      5.05250156D-02
  3     3      3.5      4.43442999D-02
       2.5    -    8
  1     3      2.5      9.71059967D-02
  2     1      0.5      6.73348853D-01
  2     1      1.5      7.44476281D-01
  2     3      2.5      7.71268569D-02
  2     3      3.5      7.48394661D-02
  3     1      1.5      5.46710853D-01
  3     3      2.5      6.07517588D-02
  3     3      3.5      4.86955887D-02
       3.5    -    8
  1     3      3.5      9.38133450D-02
  2     1      1.5      7.03928144D-01
  2     3      2.5      8.25502384D-02
  2     3      3.5      9.37442251D-02
  3     1      0.5      6.19918894D-01
  3     1      1.5      6.45553779D-01
  3     3      2.5      5.94425085D-02
  3     3      3.5      5.50244005D-02
