<RED.MAT.>      1.00      3.40000000D+00    184.00    9    3
    1    1    0
    1    2    1
 3000    2    0    1     -1.000000000000
    1    3    1
 4001    3    0    1      1.000000000000
    2    2    2
 3000    2    0    1      1.195228609334
 5000    4    0    1      1.195228609334
    2    3    3
 2001    1    0    1     -1.732050807569
 4001    3    0    1     -1.154700538379
 6001    5    0    1     -1.230914909793
    3    3    3
 3000    2    0    1      1.366260102128
 5000    4    0    1      1.128152149636
 7000    6    0    1      1.277380770053
