# Z=  92  A= 231 U   nbeta=  155  Egs= -1759.716 MeV
      0.251      0.000      0.159      0.000      0.011      -1
      0.334      0.000      0.011      0.737      0.111       0
      0.351      0.000      0.011      1.438      0.100       0
      0.368      0.000      0.023      2.056      0.091       0
      0.385      0.000      0.023      2.505      0.088       0
      0.401      0.000      0.023      2.788      0.095       0
      0.418      0.000      0.023      3.245      0.099       0
      0.435      0.000      0.011      3.528      0.095       0
      0.452      0.000      0.011      3.723      0.099       0
      0.468      0.000      0.000      3.844      0.095       0
      0.485      0.000      0.000      3.962      0.099       0
      0.502      0.000      0.000      4.072      0.105       0
      0.518      0.000      0.000      4.160      0.112       0
      0.535      0.000      0.000      4.193      0.116       1
      0.552      0.000      0.000      4.127      0.117       0
      0.569      0.000      0.000      3.791      0.115       0
      0.585      0.000      0.000      3.431      0.113       0
      0.602      0.000      0.000      3.075      0.112       0
      0.619      0.000      0.000      2.753      0.114       0
      0.636      0.000      0.000      2.478      0.118       0
      0.652      0.000      0.000      2.256      0.120       0
      0.669      0.000      0.000      2.093      0.118       0
      0.686      0.000      0.000      1.989      0.110       0
      0.702      0.000      0.000      1.924      0.100       0
      0.719      0.000      0.000      1.874      0.090       0
      0.736      0.000      0.000      1.815      0.084       0
      0.753      0.000      0.000      1.731      0.082       0
      0.769      0.000      0.000      1.642      0.084       0
      0.786      0.000      0.000      1.579      0.087       0
      0.803      0.000      0.000      1.570      0.002       2
      0.819      0.000      0.102      2.212      0.092       0
      0.836      0.000      0.114      2.448      0.091       0
      0.853      0.000      0.125      2.689      0.087       0
      0.870      0.000      0.136      2.974      0.082       0
      0.886      0.000      0.148      3.296      0.077       0
      0.903      0.000      0.159      3.613      0.074       0
      0.920      0.000      0.170      3.865      0.072       0
      0.937      0.000      0.182      4.086      0.072       0
      0.953      0.000      0.193      4.261      0.074       0
      0.970      0.000      0.204      4.406      0.077       0
      0.987      0.000      0.216      4.536      0.080       0
      1.003      0.000      0.227      4.664      0.081       0
      1.020      0.000      0.238      4.806      0.078       0
      1.037      0.000      0.250      4.943      0.071       0
      1.054      0.000      0.261      5.039      0.064       0
      1.070      0.000      0.273      5.059      0.058       1
      1.087      0.000      0.284      4.970      0.056       0
      1.104      0.000      0.295      4.806      0.057       0
      1.121      0.000      0.307      4.636      0.059       0
      1.137      0.000      0.318      4.528      0.002       2
      1.154      0.000      0.363      4.624      0.060       0
      1.171      0.000      0.375      4.698      0.057       0
      1.187      0.000      0.386      4.782      0.054       0
      1.204      0.000      0.397      4.840      0.077       0
      1.221      0.000      0.397      4.814      0.124       0
      1.238      0.000      0.386      4.794      0.008       0
      1.254      0.000      0.409      4.869      0.062       0
      1.271      0.000      0.420      4.887      0.001       0
      1.288      0.000      0.454      4.943      0.080       0
      1.304      0.000      0.466      4.948      0.086       0
      1.321      0.000      0.477      4.953      0.090       0
      1.338      0.000      0.488      4.946      0.002       0
      1.355      0.000      0.511      4.964      0.002       0
      1.371      0.000      0.534      5.002      0.002       0
      1.388      0.000      0.556      5.067      0.094       0
      1.405      0.000      0.568      5.069      0.002       0
      1.422      0.000      0.591      5.073      0.073       0
      1.438      0.000      0.602      5.105      0.069       0
      1.455      0.000      0.613      5.123      0.067       0
      1.472      0.000      0.625      5.137      0.065       0
      1.488      0.000      0.636      5.177      0.064       0
      1.505      0.000      0.647      5.247      0.067       0
      1.522      0.000      0.659      5.259      0.065       1
      1.539      0.000      0.659      5.232      0.070       0
      1.555      0.000      0.670      5.149      0.068       0
      1.572      0.000      0.681      5.082      0.060       0
      1.589      0.000      0.693      5.003      0.056       0
      1.606      0.000      0.704      4.922      0.055       0
      1.622      0.000      0.715      4.844      0.060       0
      1.639      0.000      0.727      4.766      0.058       0
      1.656      0.000      0.738      4.662      0.058       0
      1.672      0.000      0.750      4.562      0.059       0
      1.689      0.000      0.761      4.499      0.060       0
      1.706      0.000      0.772      4.450      0.062       0
      1.723      0.000      0.784      4.393      0.065       0
      1.739      0.000      0.795      4.334      0.069       0
      1.756      0.000      0.806      4.277      0.071       0
      1.773      0.000      0.806      4.258      0.075       0
      1.789      0.000      0.818      4.241      0.069       0
      1.806      0.000      0.829      4.202      0.073       0
      1.823      0.000      0.840      4.140      0.084       0
      1.840      0.000      0.852      4.084      0.082       0
      1.856      0.000      0.863      4.043      0.071       0
      1.873      0.000      0.874      4.009      0.080       0
      1.890      0.000      0.886      3.975      0.093       0
      1.907      0.000      0.897      3.931      0.089       0
      1.923      0.000      0.909      3.893      0.071       0
      1.940      0.000      0.909      3.867      0.069       0
      1.957      0.000      0.909      3.854      0.076       0
      1.973      0.000      0.920      3.843      0.076       0
      1.990      0.000      0.931      3.819      0.076       0
      2.007      0.000      0.943      3.785      0.073       0
      2.024      0.000      0.954      3.782      0.066       0
      2.040      0.000      0.954      3.782      0.075       2
      2.057      0.000      0.965      3.784      0.077       0
      2.074      0.000      0.977      3.791      0.069       0
      2.091      0.000      0.977      3.808      0.080       0
      2.107      0.000      0.988      3.821      0.078       0
      2.124      0.000      0.999      3.834      0.068       0
      2.141      0.000      0.999      3.856      0.081       0
      2.157      0.000      1.011      3.878      0.082       0
      2.174      0.000      1.022      3.902      0.086       0
      2.191      0.000      1.033      3.909      0.072       0
      2.208      0.000      1.033      3.921      0.082       0
      2.224      0.000      1.045      3.949      0.081       0
      2.241      0.000      1.056      3.979      0.079       0
      2.258      0.000      1.068      4.001      0.077       0
      2.274      0.000      1.079      4.015      0.074       0
      2.291      0.000      1.090      4.021      0.066       0
      2.308      0.000      1.090      4.028      0.076       0
      2.325      0.000      1.102      4.050      0.075       0
      2.341      0.000      1.113      4.057      0.073       0
      2.358      0.000      1.124      4.060      0.069       1
      2.375      0.000      1.136      4.060      0.060       0
      2.392      0.000      1.136      4.054      0.068       0
      2.408      0.000      1.147      4.050      0.067       0
      2.425      0.000      1.158      4.060      0.064       0
      2.442      0.000      1.170      4.050      0.061       0
      2.458      0.000      1.181      4.027      0.060       0
      2.475      0.000      1.192      4.010      0.057       0
      2.492      0.000      1.192      3.989      0.064       0
      2.509      0.000      1.204      3.963      0.067       0
      2.525      0.000      1.215      3.947      0.061       0
      2.542      0.000      1.227      3.868      0.055       0
      2.559      0.000      1.238      3.716      0.053       0
      2.576      0.000      1.249      3.603      0.001       0
      2.592      0.000      1.272      3.667      0.055       0
      2.609      0.000      1.283      3.608      0.056       0
      2.626      0.000      1.295      3.530      0.058       0
      2.642      0.000      1.306      3.453      0.059       0
      2.659      0.000      1.317      3.414      0.001       0
      2.642      0.000      1.374      3.081      0.060       0
      2.659      0.000      1.386      3.057      0.001       0
      2.676      0.000      1.442      2.867      0.059       0
      2.693      0.000      1.454      2.786      0.061       0
      2.709      0.000      1.465      2.661      0.068       0
      2.726      0.000      1.476      2.517      0.069       0
      2.743      0.000      1.488      2.471      0.060       0
      2.759      0.000      1.476      2.591      0.051       0
      2.776      0.000      1.465      2.604      0.042       0
      2.793      0.000      1.454      2.474      0.033       0
      2.810      0.000      1.442      2.004      0.029       0
      2.826      0.000      1.431      1.172      0.031       0
      2.843      0.000      1.420      0.321      0.031       0
      2.851      0.000      1.414      0.000      0.029       0
# Z=  92  A= 232 U   nbeta=  155  Egs= -1766.934 MeV
      0.266      0.000      0.068      0.000      0.106      -1
      0.349      0.000      0.034      0.517      0.081       0
      0.365      0.000      0.023      1.264      0.076       0
      0.382      0.000      0.023      1.924      0.080       0
      0.398      0.000      0.011      2.393      0.075       0
      0.415      0.000      0.011      2.874      0.072       0
      0.432      0.000      0.011      3.249      0.074       0
      0.448      0.000      0.000      3.391      0.067       0
      0.465      0.000      0.000      3.551      0.065       0
      0.482      0.000      0.000      3.731      0.064       0
      0.498      0.000      0.000      3.907      0.065       0
      0.515      0.000      0.000      4.171      0.066       0
      0.531      0.000      0.000      4.379      0.068       0
      0.548      0.000      0.000      4.488      0.070       1
      0.565      0.000      0.000      4.200      0.072       0
      0.581      0.000      0.000      3.816      0.075       0
      0.598      0.000      0.000      3.412      0.077       0
      0.614      0.000      0.000      3.025      0.079       0
      0.631      0.000      0.000      2.674      0.079       0
      0.648      0.000      0.000      2.371      0.079       0
      0.664      0.000      0.000      2.125      0.078       0
      0.681      0.000      0.000      1.940      0.076       0
      0.697      0.000      0.000      1.795      0.073       0
      0.714      0.000      0.000      1.659      0.070       0
      0.731      0.000      0.000      1.505      0.067       0
      0.747      0.000      0.000      1.318      0.066       0
      0.764      0.000      0.000      1.127      0.065       0
      0.780      0.000      0.000      0.965      0.065       0
      0.797      0.000      0.000      0.866      0.065       0
      0.814      0.000      0.000      0.849      0.002       2
      0.830      0.000      0.090      1.341      0.065       0
      0.847      0.000      0.101      1.553      0.064       0
      0.863      0.000      0.113      1.819      0.064       0
      0.880      0.000      0.124      2.109      0.064       0
      0.897      0.000      0.135      2.415      0.065       0
      0.913      0.000      0.146      2.737      0.066       0
      0.930      0.000      0.158      3.048      0.067       0
      0.946      0.000      0.169      3.327      0.067       0
      0.963      0.000      0.180      3.580      0.067       0
      0.980      0.000      0.191      3.811      0.065       0
      0.996      0.000      0.203      3.989      0.064       0
      1.013      0.000      0.214      4.165      0.062       0
      1.029      0.000      0.225      4.336      0.060       0
      1.046      0.000      0.236      4.482      0.057       0
      1.063      0.000      0.248      4.603      0.055       0
      1.079      0.000      0.259      4.711      0.053       0
      1.096      0.000      0.270      4.794      0.052       0
      1.112      0.000      0.281      4.855      0.051       0
      1.129      0.000      0.293      4.882      0.050       1
      1.146      0.000      0.304      4.863      0.049       0
      1.162      0.000      0.315      4.798      0.048       0
      1.179      0.000      0.327      4.721      0.048       0
      1.195      0.000      0.338      4.648      0.048       0
      1.212      0.000      0.349      4.602      0.050       0
      1.229      0.000      0.360      4.577      0.052       0
      1.245      0.000      0.372      4.568      0.001       0
      1.262      0.000      0.394      4.542      0.001       0
      1.279      0.000      0.417      4.515      0.001       2
      1.295      0.000      0.439      4.537      0.001       0
      1.312      0.000      0.462      4.571      0.001       0
      1.328      0.000      0.484      4.609      0.060       0
      1.345      0.000      0.495      4.616      0.061       0
      1.362      0.000      0.507      4.618      0.001       0
      1.378      0.000      0.529      4.622      0.060       0
      1.395      0.000      0.540      4.629      0.059       0
      1.411      0.000      0.552      4.638      0.001       0
      1.428      0.000      0.574      4.658      0.056       0
      1.445      0.000      0.585      4.675      0.055       0
      1.461      0.000      0.597      4.687      0.001       0
      1.478      0.000      0.619      4.692      0.047       0
      1.494      0.000      0.619      4.698      0.050       0
      1.511      0.000      0.631      4.698      0.049       1
      1.528      0.000      0.642      4.691      0.048       0
      1.544      0.000      0.653      4.667      0.048       0
      1.561      0.000      0.664      4.633      0.047       0
      1.577      0.000      0.676      4.597      0.047       0
      1.594      0.000      0.687      4.557      0.047       0
      1.611      0.000      0.698      4.508      0.047       0
      1.627      0.000      0.709      4.452      0.047       0
      1.644      0.000      0.721      4.391      0.047       0
      1.660      0.000      0.732      4.320      0.048       0
      1.677      0.000      0.743      4.253      0.048       0
      1.694      0.000      0.754      4.186      0.049       0
      1.710      0.000      0.766      4.119      0.050       0
      1.727      0.000      0.777      4.045      0.051       0
      1.743      0.000      0.788      3.971      0.051       0
      1.760      0.000      0.799      3.900      0.052       0
      1.777      0.000      0.811      3.831      0.053       0
      1.793      0.000      0.822      3.761      0.054       0
      1.810      0.000      0.833      3.693      0.055       0
      1.826      0.000      0.844      3.629      0.056       0
      1.843      0.000      0.856      3.569      0.057       0
      1.860      0.000      0.867      3.509      0.059       0
      1.876      0.000      0.878      3.454      0.060       0
      1.893      0.000      0.889      3.404      0.061       0
      1.909      0.000      0.901      3.348      0.062       0
      1.926      0.000      0.912      3.292      0.064       0
      1.943      0.000      0.923      3.258      0.065       0
      1.959      0.000      0.935      3.229      0.065       0
      1.976      0.000      0.946      3.198      0.060       0
      1.992      0.000      0.946      3.166      0.066       0
      2.009      0.000      0.957      3.142      0.066       0
      2.026      0.000      0.968      3.130      0.066       0
      2.042      0.000      0.980      3.124      0.060       0
      2.059      0.000      0.980      3.121      0.066       2
      2.076      0.000      0.991      3.129      0.066       0
      2.092      0.000      1.002      3.154      0.065       0
      2.109      0.000      1.013      3.174      0.064       0
      2.125      0.000      1.025      3.184      0.064       0
      2.142      0.000      1.036      3.184      0.064       0
      2.159      0.000      1.047      3.194      0.057       0
      2.175      0.000      1.047      3.203      0.056       0
      2.192      0.000      1.047      3.221      0.061       0
      2.208      0.000      1.058      3.241      0.060       0
      2.225      0.000      1.070      3.261      0.054       0
      2.242      0.000      1.070      3.277      0.059       0
      2.258      0.000      1.081      3.294      0.058       0
      2.275      0.000      1.092      3.315      0.057       0
      2.291      0.000      1.103      3.328      0.056       0
      2.308      0.000      1.115      3.334      0.055       0
      2.325      0.000      1.126      3.333      0.055       0
      2.341      0.000      1.137      3.333      0.049       0
      2.358      0.000      1.137      3.334      0.054       1
      2.374      0.000      1.148      3.332      0.053       0
      2.391      0.000      1.160      3.327      0.052       0
      2.408      0.000      1.171      3.316      0.051       0
      2.424      0.000      1.182      3.304      0.051       0
      2.441      0.000      1.193      3.289      0.050       0
      2.457      0.000      1.205      3.269      0.049       0
      2.474      0.000      1.216      3.242      0.048       0
      2.491      0.000      1.227      3.211      0.048       0
      2.507      0.000      1.239      3.179      0.047       0
      2.524      0.000      1.250      3.144      0.047       0
      2.540      0.000      1.261      3.105      0.046       0
      2.557      0.000      1.272      3.061      0.046       0
      2.574      0.000      1.284      3.011      0.045       0
      2.590      0.000      1.295      2.958      0.045       0
      2.607      0.000      1.306      2.906      0.045       0
      2.623      0.000      1.317      2.850      0.044       0
      2.640      0.000      1.329      2.805      0.044       0
      2.657      0.000      1.340      2.751      0.044       0
      2.673      0.000      1.351      2.652      0.044       0
      2.690      0.000      1.362      2.559      0.045       0
      2.706      0.000      1.374      2.513      0.001       0
      2.723      0.000      1.430      2.460      0.043       0
      2.740      0.000      1.441      2.364      0.044       0
      2.756      0.000      1.452      2.240      0.045       0
      2.773      0.000      1.464      2.152      0.045       0
      2.789      0.000      1.475      2.106      0.039       0
      2.806      0.000      1.475      2.099      0.034       0
      2.823      0.000      1.464      2.030      0.031       0
      2.839      0.000      1.452      1.851      0.027       0
      2.856      0.000      1.441      1.512      0.025       0
      2.873      0.000      1.430      0.858      0.025       0
      2.888      0.000      1.420      0.000      0.029       0
# Z=  92  A= 233 U   nbeta=  160  Egs= -1771.445 MeV
      0.264      0.000      0.123      0.000      0.013      -1
      0.346      0.000      0.033      0.271      0.079       0
      0.363      0.000      0.022      1.004      0.079       0
      0.379      0.000      0.022      1.675      0.083       0
      0.396      0.000      0.011      2.206      0.101       0
      0.412      0.000      0.022      2.746      0.097       0
      0.429      0.000      0.011      3.273      0.099       0
      0.445      0.000      0.000      3.554      0.100       0
      0.462      0.000      0.000      3.709      0.099       0
      0.478      0.000      0.000      3.862      0.094       0
      0.495      0.000      0.000      4.012      0.091       0
      0.511      0.000      0.011      4.247      0.083       0
      0.528      0.000      0.011      4.475      0.080       0
      0.544      0.000      0.011      4.571      0.085       1
      0.561      0.000      0.000      4.487      0.086       0
      0.577      0.000      0.000      4.279      0.094       0
      0.593      0.000      0.000      4.029      0.100       0
      0.610      0.000      0.000      3.673      0.104       0
      0.626      0.000      0.000      3.267      0.106       0
      0.643      0.000      0.000      2.887      0.107       0
      0.659      0.000      0.000      2.541      0.104       0
      0.676      0.000      0.000      2.233      0.099       0
      0.692      0.000      0.000      1.955      0.092       0
      0.709      0.000      0.000      1.696      0.085       0
      0.725      0.000      0.000      1.444      0.079       0
      0.742      0.000      0.000      1.194      0.077       0
      0.758      0.000      0.000      0.950      0.077       0
      0.775      0.000      0.000      0.713      0.078       0
      0.791      0.000      0.000      0.484      0.077       0
      0.808      0.000      0.000      0.274      0.073       0
      0.824      0.000      0.000      0.124      0.069       0
      0.841      0.000      0.000      0.082      0.068       2
      0.824      0.000      0.011      0.154      0.071       0
      0.841      0.000      0.022      0.198      0.002       0
      0.857      0.000      0.089      0.600      0.070       0
      0.874      0.000      0.100      0.931      0.076       0
      0.890      0.000      0.112      1.406      0.086       0
      0.907      0.000      0.123      1.866      0.095       0
      0.923      0.000      0.134      2.357      0.099       0
      0.940      0.000      0.145      2.789      0.096       0
      0.956      0.000      0.156      3.159      0.089       0
      0.973      0.000      0.167      3.465      0.082       0
      0.989      0.000      0.179      3.698      0.075       0
      1.006      0.000      0.190      3.895      0.071       0
      1.022      0.000      0.201      4.104      0.069       0
      1.039      0.000      0.212      4.325      0.069       0
      1.055      0.000      0.223      4.557      0.067       0
      1.072      0.000      0.234      4.787      0.063       0
      1.088      0.000      0.246      4.951      0.060       0
      1.105      0.000      0.257      5.081      0.057       0
      1.121      0.000      0.268      5.091      0.048       1
      1.138      0.000      0.257      5.032      0.060       0
      1.154      0.000      0.268      4.804      0.061       0
      1.170      0.000      0.279      4.583      0.062       0
      1.187      0.000      0.290      4.378      0.060       0
      1.203      0.000      0.301      4.252      0.001       0
      1.220      0.000      0.335      4.125      0.062       0
      1.236      0.000      0.346      4.031      0.001       0
      1.253      0.000      0.368      3.975      0.001       0
      1.269      0.000      0.413      3.908      0.002       2
      1.286      0.000      0.435      3.951      0.003       0
      1.302      0.000      0.458      4.012      0.003       0
      1.319      0.000      0.480      4.124      0.200       0
      1.335      0.000      0.491      4.237     -0.104       0
      1.352      0.000      0.502      4.345     -0.038       0
      1.368      0.000      0.513      4.370      0.074       0
      1.385      0.000      0.525      4.361      0.002       0
      1.401      0.000      0.547      4.422      0.002       0
      1.418      0.000      0.569      4.481      0.140       0
      1.434      0.000      0.580      4.535      0.133       0
      1.451      0.000      0.592      4.610      0.114       0
      1.467      0.000      0.603      4.673      0.096       0
      1.484      0.000      0.614      4.721      0.079       0
      1.500      0.000      0.625      4.760      0.065       0
      1.517      0.000      0.636      4.793      0.059       0
      1.533      0.000      0.647      4.811      0.059       1
      1.550      0.000      0.659      4.784      0.058       0
      1.566      0.000      0.670      4.740      0.058       0
      1.583      0.000      0.681      4.721      0.057       0
      1.599      0.000      0.692      4.693      0.057       0
      1.616      0.000      0.703      4.614      0.057       0
      1.632      0.000      0.714      4.534      0.059       0
      1.649      0.000      0.726      4.488      0.058       0
      1.665      0.000      0.737      4.424      0.058       0
      1.682      0.000      0.748      4.318      0.059       0
      1.698      0.000      0.759      4.206      0.063       0
      1.714      0.000      0.770      4.117      0.067       0
      1.731      0.000      0.781      4.006      0.071       0
      1.747      0.000      0.793      3.894      0.073       0
      1.764      0.000      0.804      3.779      0.076       0
      1.780      0.000      0.815      3.679      0.085       0
      1.797      0.000      0.826      3.572      0.091       0
      1.813      0.000      0.837      3.461      0.097       0
      1.830      0.000      0.848      3.347      0.119       0
      1.846      0.000      0.860      3.232      0.190       0
      1.863      0.000      0.871      3.117      0.281       0
      1.879      0.000      0.882      3.002      0.358       0
      1.896      0.000      0.893      2.879      0.384       0
      1.912      0.000      0.904      2.724      0.317       0
      1.929      0.000      0.915      2.588      0.223       0
      1.945      0.000      0.927      2.463      0.113       0
      1.962      0.000      0.938      2.355      0.039       0
      1.978      0.000      0.949      2.276      0.001       0
      1.995      0.000      0.971      2.228      0.052       0
      2.011      0.000      0.982      2.191      0.042       0
      2.028      0.000      0.993      2.175      0.038       0
      2.044      0.000      1.005      2.169      0.039       2
      2.061      0.000      1.016      2.184      0.045       0
      2.077      0.000      1.027      2.197      0.033       0
      2.094      0.000      1.027      2.217      0.038       0
      2.110      0.000      1.038      2.233      0.042       0
      2.127      0.000      1.049      2.270      0.054       0
      2.143      0.000      1.049      2.320      0.080       0
      2.160      0.000      1.060      2.372      0.106       0
      2.176      0.000      1.072      2.423      0.123       0
      2.193      0.000      1.083      2.463      0.111       0
      2.209      0.000      1.083      2.495      0.112       0
      2.226      0.000      1.094      2.531      0.126       0
      2.242      0.000      1.094      2.564      0.163       0
      2.259      0.000      1.105      2.597      0.177       0
      2.275      0.000      1.105      2.624      0.149       0
      2.291      0.000      1.116      2.652      0.125       0
      2.308      0.000      1.127      2.674      0.056       0
      2.324      0.000      1.139      2.689      0.047       0
      2.341      0.000      1.150      2.701      0.072       0
      2.357      0.000      1.150      2.712      0.073       0
      2.374      0.000      1.161      2.722      0.079       0
      2.390      0.000      1.172      2.729      0.077       1
      2.407      0.000      1.183      2.726      0.076       0
      2.423      0.000      1.194      2.715      0.076       0
      2.440      0.000      1.206      2.695      0.078       0
      2.456      0.000      1.217      2.674      0.080       0
      2.473      0.000      1.228      2.657      0.078       0
      2.489      0.000      1.239      2.638      0.076       0
      2.506      0.000      1.250      2.611      0.076       0
      2.522      0.000      1.261      2.571      0.076       0
      2.539      0.000      1.273      2.526      0.074       0
      2.555      0.000      1.284      2.487      0.071       0
      2.572      0.000      1.295      2.465      0.001       0
      2.588      0.000      1.340      2.402      0.064       0
      2.605      0.000      1.340      2.404      0.065       0
      2.621      0.000      1.351      2.356      0.062       0
      2.638      0.000      1.362      2.241      0.063       0
      2.654      0.000      1.373      2.000      0.064       0
      2.671      0.000      1.384      1.765      0.001       0
      2.687      0.000      1.407      1.786      0.054       0
      2.704      0.000      1.418      1.969      0.052       0
      2.720      0.000      1.429      1.874      0.057       0
      2.737      0.000      1.440      1.620      0.067       0
      2.753      0.000      1.451      1.455      0.061       0
      2.770      0.000      1.451      1.634      0.051       0
      2.786      0.000      1.440      2.117      0.056       0
      2.803      0.000      1.451      2.577      0.052       0
      2.819      0.000      1.451      2.961      0.059       0
      2.836      0.000      1.440      3.119      0.050       1
      2.852      0.000      1.429      2.922      0.042       0
      2.868      0.000      1.418      2.110      0.051       0
      2.885      0.000      1.407      1.140      0.049       0
      2.901      0.000      1.395      0.486      0.035       0
      2.913      0.000      1.387      0.000      0.028       0
# Z=  92  A= 234 U   nbeta=  164  Egs= -1778.983 MeV
      0.262      0.000      0.077      0.000      0.008      -1
      0.360      0.000      0.033      0.486      0.083       0
      0.376      0.000      0.022      1.232      0.083       0
      0.393      0.000      0.011      1.878      0.078       0
      0.409      0.000      0.011      2.541      0.079       0
      0.426      0.000      0.022      3.248      0.071       0
      0.442      0.000      0.022      3.826      0.073       0
      0.458      0.000      0.011      4.131      0.064       0
      0.475      0.000      0.011      4.238      0.061       0
      0.491      0.000      0.011      4.244      0.061       0
      0.507      0.000      0.011      4.295      0.065       0
      0.524      0.000      0.000      4.413      0.061       0
      0.540      0.000      0.000      4.458      0.064       0
      0.557      0.000      0.000      4.482      0.066       0
      0.573      0.000      0.000      4.501      0.069       1
      0.589      0.000      0.000      4.476      0.072       0
      0.606      0.000      0.000      4.298      0.074       0
      0.622      0.000      0.000      3.880      0.076       0
      0.638      0.000      0.000      3.455      0.076       0
      0.655      0.000      0.000      3.041      0.076       0
      0.671      0.000      0.000      2.660      0.075       0
      0.687      0.000      0.000      2.311      0.073       0
      0.704      0.000      0.000      1.978      0.071       0
      0.720      0.000      0.000      1.642      0.068       0
      0.737      0.000      0.000      1.293      0.066       0
      0.753      0.000      0.000      0.946      0.064       0
      0.769      0.000      0.000      0.624      0.062       0
      0.786      0.000      0.000      0.347      0.062       0
      0.802      0.000      0.000      0.139      0.063       0
      0.818      0.000      0.000      0.017      0.065       0
      0.835      0.000      0.000     -0.006      0.002       2
      0.851      0.000      0.111      0.781      0.070       0
      0.868      0.000      0.122      1.042      0.072       0
      0.884      0.000      0.133      1.358      0.072       0
      0.900      0.000      0.144      1.699      0.072       0
      0.917      0.000      0.155      2.059      0.071       0
      0.933      0.000      0.166      2.405      0.071       0
      0.949      0.000      0.177      2.742      0.069       0
      0.966      0.000      0.188      3.056      0.068       0
      0.982      0.000      0.199      3.338      0.066       0
      0.998      0.000      0.210      3.624      0.063       0
      1.015      0.000      0.221      3.897      0.061       0
      1.031      0.000      0.232      4.141      0.058       0
      1.048      0.000      0.243      4.360      0.056       0
      1.064      0.000      0.255      4.551      0.053       0
      1.080      0.000      0.266      4.719      0.051       0
      1.097      0.000      0.277      4.865      0.050       0
      1.113      0.000      0.288      4.982      0.049       0
      1.129      0.000      0.299      5.076      0.050       0
      1.146      0.000      0.310      5.140      0.051       0
      1.162      0.000      0.321      5.168      0.052       1
      1.179      0.000      0.332      5.154      0.053       0
      1.195      0.000      0.343      5.102      0.054       0
      1.211      0.000      0.354      5.022      0.055       0
      1.228      0.000      0.365      4.919      0.055       0
      1.244      0.000      0.376      4.816      0.055       0
      1.260      0.000      0.387      4.714      0.053       0
      1.277      0.000      0.398      4.630      0.051       0
      1.293      0.000      0.410      4.570      0.049       0
      1.309      0.000      0.421      4.519      0.047       0
      1.326      0.000      0.432      4.480      0.001       0
      1.342      0.000      0.465      4.428      0.001       2
      1.359      0.000      0.487      4.479      0.049       0
      1.375      0.000      0.498      4.513      0.050       0
      1.391      0.000      0.509      4.538      0.050       0
      1.408      0.000      0.520      4.554      0.001       0
      1.424      0.000      0.542      4.583      0.052       0
      1.440      0.000      0.553      4.594      0.001       0
      1.457      0.000      0.576      4.604      0.053       0
      1.473      0.000      0.587      4.614      0.052       0
      1.490      0.000      0.598      4.618      0.051       0
      1.506      0.000      0.609      4.618      0.050       1
      1.522      0.000      0.620      4.606      0.050       0
      1.539      0.000      0.631      4.587      0.049       0
      1.555      0.000      0.642      4.567      0.048       0
      1.571      0.000      0.653      4.560      0.048       0
      1.588      0.000      0.664      4.532      0.048       0
      1.604      0.000      0.675      4.507      0.048       0
      1.620      0.000      0.686      4.463      0.048       0
      1.637      0.000      0.697      4.401      0.048       0
      1.653      0.000      0.708      4.337      0.048       0
      1.670      0.000      0.719      4.271      0.048       0
      1.686      0.000      0.730      4.200      0.049       0
      1.702      0.000      0.742      4.122      0.049       0
      1.719      0.000      0.753      4.039      0.050       0
      1.735      0.000      0.764      3.949      0.051       0
      1.751      0.000      0.775      3.856      0.052       0
      1.768      0.000      0.786      3.764      0.053       0
      1.784      0.000      0.797      3.676      0.054       0
      1.801      0.000      0.808      3.595      0.055       0
      1.817      0.000      0.819      3.519      0.056       0
      1.833      0.000      0.830      3.428      0.058       0
      1.850      0.000      0.841      3.322      0.059       0
      1.866      0.000      0.852      3.237      0.061       0
      1.882      0.000      0.863      3.167      0.061       0
      1.899      0.000      0.874      3.095      0.062       0
      1.915      0.000      0.885      3.011      0.063       0
      1.931      0.000      0.896      2.948      0.063       0
      1.948      0.000      0.908      2.890      0.063       0
      1.964      0.000      0.919      2.815      0.063       0
      1.981      0.000      0.930      2.736      0.063       0
      1.997      0.000      0.941      2.682      0.063       0
      2.013      0.000      0.952      2.644      0.062       0
      2.030      0.000      0.963      2.605      0.061       0
      2.046      0.000      0.974      2.560      0.001       0
      2.062      0.000      0.996      2.495      0.058       0
      2.079      0.000      1.007      2.479      0.057       0
      2.095      0.000      1.018      2.469      0.057       0
      2.112      0.000      1.029      2.463      0.057       0
      2.128      0.000      1.040      2.460      0.057       0
      2.144      0.000      1.051      2.456      0.058       0
      2.161      0.000      1.062      2.447      0.053       0
      2.177      0.000      1.062      2.445      0.056       0
      2.193      0.000      1.074      2.454      0.057       0
      2.210      0.000      1.085      2.444      0.057       0
      2.226      0.000      1.096      2.422      0.053       0
      2.242      0.000      1.096      2.427      0.056       0
      2.259      0.000      1.107      2.437      0.056       0
      2.275      0.000      1.118      2.444      0.056       0
      2.292      0.000      1.129      2.435      0.055       0
      2.308      0.000      1.140      2.431      0.055       0
      2.324      0.000      1.151      2.426      0.055       0
      2.341      0.000      1.162      2.416      0.050       0
      2.357      0.000      1.162      2.403      0.054       0
      2.373      0.000      1.173      2.390      0.054       0
      2.390      0.000      1.184      2.382      0.053       0
      2.406      0.000      1.195      2.374      0.053       0
      2.423      0.000      1.206      2.358      0.053       0
      2.439      0.000      1.217      2.343      0.053       0
      2.455      0.000      1.229      2.330      0.052       0
      2.472      0.000      1.240      2.310      0.052       0
      2.488      0.000      1.251      2.280      0.051       0
      2.504      0.000      1.262      2.254      0.051       0
      2.521      0.000      1.273      2.228      0.050       0
      2.537      0.000      1.284      2.195      0.049       0
      2.553      0.000      1.295      2.154      0.049       0
      2.570      0.000      1.306      2.125      0.048       0
      2.586      0.000      1.317      2.089      0.048       0
      2.603      0.000      1.328      2.051      0.047       0
      2.619      0.000      1.339      2.025      0.047       0
      2.635      0.000      1.350      1.986      0.046       0
      2.652      0.000      1.361      1.941      0.046       0
      2.668      0.000      1.372      1.904      0.045       0
      2.684      0.000      1.383      1.879      0.045       0
      2.701      0.000      1.395      1.854      0.044       0
      2.717      0.000      1.406      1.820      0.044       0
      2.734      0.000      1.417      1.786      0.044       0
      2.750      0.000      1.428      1.709      0.043       0
      2.766      0.000      1.439      1.584      0.040       0
      2.783      0.000      1.439      1.512      0.044       0
      2.799      0.000      1.450      1.556      0.043       0
      2.815      0.000      1.461      1.556      0.042       0
      2.832      0.000      1.472      1.509      0.042       0
      2.848      0.000      1.483      1.437      0.043       0
      2.864      0.000      1.494      1.371      0.043       0
      2.881      0.000      1.505      1.342      0.001       0
      2.864      0.000      1.538      1.252      0.001       0
      2.881      0.000      1.538      1.252      0.037       0
      2.897      0.000      1.538      1.305      0.032       0
      2.914      0.000      1.527      1.324      0.028       0
      2.930      0.000      1.516      1.252      0.024       0
      2.946      0.000      1.505      1.027      0.021       0
      2.963      0.000      1.494      0.515      0.020       0
      2.975      0.000      1.486      0.000      0.020       0
# Z=  92  A= 235 U   nbeta=  169  Egs= -1783.629 MeV
      0.276      0.000      0.066      0.000      0.292      -1
      0.358      0.000      0.033      0.622      0.146       0
      0.374      0.000      0.022      1.296      0.128       0
      0.390      0.000      0.011      1.961      0.115       0
      0.406      0.000      0.022      2.627      0.108       0
      0.423      0.000      0.011      3.458      0.101       0
      0.439      0.000      0.000      4.092      0.094       0
      0.455      0.000      0.000      4.496      0.092       0
      0.471      0.000      0.000      4.651      0.089       0
      0.488      0.000      0.000      4.670      0.088       0
      0.504      0.000      0.011      4.631      0.081       0
      0.520      0.000      0.011      4.697      0.077       0
      0.536      0.000      0.011      4.661      0.079       0
      0.553      0.000      0.000      4.601      0.076       0
      0.569      0.000      0.000      4.760      0.079       0
      0.585      0.000      0.000      4.873      0.082       0
      0.601      0.000      0.000      4.927      0.087       1
      0.618      0.000      0.000      4.514      0.094       0
      0.634      0.000      0.000      4.097      0.097       0
      0.650      0.000      0.000      3.675      0.093       0
      0.666      0.000      0.000      3.246      0.080       0
      0.683      0.000      0.000      2.805      0.068       0
      0.699      0.000      0.000      2.349      0.069       0
      0.715      0.000      0.000      1.871      0.096       0
      0.731      0.000      0.000      1.377      0.157       0
      0.748      0.000      0.000      0.891      0.233       0
      0.764      0.000      0.000      0.437      0.297       0
      0.780      0.000      0.000      0.039      0.319       0
      0.796      0.000      0.000     -0.282      0.281       0
      0.813      0.000      0.000     -0.505      0.202       0
      0.829      0.000      0.000     -0.612      0.002       2
      0.845      0.000      0.022     -0.527      0.002       0
      0.829      0.000      0.044     -0.480      0.002       0
      0.845      0.000      0.066     -0.286      0.002       0
      0.861      0.000      0.110      0.324      0.076       0
      0.878      0.000      0.121      0.633      0.090       0
      0.894      0.000      0.132      1.030      0.110       0
      0.910      0.000      0.143      1.445      0.121       0
      0.926      0.000      0.154      1.834      0.122       0
      0.943      0.000      0.165      2.203      0.116       0
      0.959      0.000      0.176      2.553      0.105       0
      0.975      0.000      0.187      2.880      0.092       0
      0.991      0.000      0.198      3.198      0.079       0
      1.008      0.000      0.208      3.502      0.069       0
      1.024      0.000      0.219      3.787      0.063       0
      1.040      0.000      0.230      4.045      0.060       0
      1.056      0.000      0.241      4.290      0.090       0
      1.073      0.000      0.252      4.525      0.146       0
      1.089      0.000      0.263      4.749      0.202       0
      1.105      0.000      0.274      4.975      0.233       0
      1.121      0.000      0.285      5.125      0.229       0
      1.138      0.000      0.296      5.203      0.205       0
      1.154      0.000      0.307      5.224      0.001       0
      1.170      0.000      0.329      5.175      0.002       0
      1.186      0.000      0.351      5.331      0.130       0
      1.203      0.000      0.362      5.479      0.095       0
      1.219      0.000      0.373      5.598      0.063       0
      1.235      0.000      0.384      5.612      0.036       1
      1.251      0.000      0.373      5.495      0.033       0
      1.268      0.000      0.384      5.258      0.035       0
      1.284      0.000      0.395      4.948      0.040       0
      1.300      0.000      0.406      4.710      0.043       0
      1.316      0.000      0.417      4.589      0.042       0
      1.333      0.000      0.428      4.490      0.001       0
      1.349      0.000      0.450      4.378      0.001       2
      1.365      0.000      0.483      4.391      0.001       0
      1.381      0.000      0.505      4.471      0.070       0
      1.398      0.000      0.516      4.527      0.085       0
      1.414      0.000      0.527      4.555      0.001       0
      1.430      0.000      0.549      4.609      0.090       0
      1.446      0.000      0.560      4.643      0.083       0
      1.463      0.000      0.571      4.664      0.078       0
      1.479      0.000      0.582      4.699      0.073       0
      1.495      0.000      0.593      4.724      0.070       0
      1.511      0.000      0.604      4.739      0.070       1
      1.528      0.000      0.615      4.699      0.079       0
      1.544      0.000      0.625      4.667      0.079       0
      1.560      0.000      0.636      4.640      0.073       0
      1.576      0.000      0.647      4.636      0.066       0
      1.593      0.000      0.658      4.639      0.060       0
      1.609      0.000      0.669      4.622      0.058       0
      1.625      0.000      0.680      4.572      0.057       0
      1.641      0.000      0.691      4.529      0.058       0
      1.658      0.000      0.702      4.490      0.060       0
      1.674      0.000      0.713      4.451      0.061       0
      1.690      0.000      0.724      4.361      0.062       0
      1.706      0.000      0.735      4.264      0.060       0
      1.723      0.000      0.746      4.161      0.059       0
      1.739      0.000      0.757      4.047      0.061       0
      1.755      0.000      0.768      3.907      0.069       0
      1.772      0.000      0.779      3.785      0.070       0
      1.788      0.000      0.790      3.670      0.068       0
      1.804      0.000      0.801      3.546      0.067       0
      1.820      0.000      0.812      3.393      0.084       0
      1.837      0.000      0.823      3.283      0.081       0
      1.853      0.000      0.834      3.202      0.073       0
      1.869      0.000      0.845      3.126      0.083       0
      1.885      0.000      0.856      3.013      0.105       0
      1.902      0.000      0.867      2.958      0.002       0
      1.918      0.000      0.889      2.862      0.202       0
      1.934      0.000      0.900      2.772      0.200       0
      1.950      0.000      0.911      2.669      0.151       0
      1.967      0.000      0.922      2.582      0.046       0
      1.983      0.000      0.933      2.511      0.027       0
      1.999      0.000      0.944      2.422      0.050       0
      2.015      0.000      0.955      2.312      0.071       0
      2.032      0.000      0.966      2.187      0.053       0
      2.048      0.000      0.977      2.111      0.030       0
      2.064      0.000      0.988      2.059      0.015       0
      2.080      0.000      0.999      1.999      0.036       0
      2.097      0.000      1.010      1.936      0.001       0
      2.113      0.000      1.042      1.861      0.035       0
      2.129      0.000      1.053      1.855      0.030       0
      2.145      0.000      1.064      1.801      0.035       0
      2.162      0.000      1.075      1.720      0.039       0
      2.178      0.000      1.086      1.635      0.036       0
      2.194      0.000      1.097      1.565      0.030       0
      2.210      0.000      1.108      1.524      0.024       0
      2.227      0.000      1.108      1.522      0.001       0
      2.243      0.000      1.130      1.514      0.051       0
      2.259      0.000      1.141      1.473      0.035       0
      2.275      0.000      1.152      1.452      0.029       0
      2.292      0.000      1.152      1.436      0.039       0
      2.308      0.000      1.163      1.427      0.039       0
      2.324      0.000      1.174      1.425      0.041       2
      2.340      0.000      1.185      1.428      0.041       0
      2.357      0.000      1.196      1.432      0.041       0
      2.373      0.000      1.207      1.436      0.041       0
      2.389      0.000      1.218      1.441      0.038       0
      2.405      0.000      1.218      1.442      0.047       0
      2.422      0.000      1.229      1.446      0.044       0
      2.438      0.000      1.240      1.467      0.044       0
      2.454      0.000      1.251      1.470      0.044       1
      2.470      0.000      1.262      1.450      0.044       0
      2.487      0.000      1.273      1.449      0.046       0
      2.503      0.000      1.284      1.439      0.049       0
      2.519      0.000      1.295      1.412      0.050       0
      2.535      0.000      1.306      1.373      0.049       0
      2.552      0.000      1.317      1.333      0.046       0
      2.568      0.000      1.328      1.301      0.045       0
      2.584      0.000      1.339      1.281      0.045       0
      2.600      0.000      1.350      1.262      0.046       0
      2.617      0.000      1.361      1.253      0.048       0
      2.633      0.000      1.372      1.249      0.049       0
      2.649      0.000      1.383      1.241      0.049       0
      2.665      0.000      1.394      1.230      0.049       0
      2.682      0.000      1.405      1.221      0.054       0
      2.698      0.000      1.416      1.229      0.055       0
      2.714      0.000      1.427      1.241      0.050       0
      2.730      0.000      1.438      1.252      0.001       0
      2.747      0.000      1.459      1.252      0.070       0
      2.763      0.000      1.470      1.242      0.097       0
      2.779      0.000      1.470      1.221      0.115       0
      2.795      0.000      1.470      1.172      0.123       0
      2.812      0.000      1.470      1.030      0.098       0
      2.828      0.000      1.459      0.924      0.084       0
      2.844      0.000      1.459      0.920      0.059       0
      2.828      0.000      1.470      0.927      0.109       0
      2.844      0.000      1.481      1.030      0.081       0
      2.860      0.000      1.492      0.938      0.050       0
      2.877      0.000      1.503      0.779      0.038       0
      2.893      0.000      1.514      0.745      0.045       0
      2.909      0.000      1.525      0.657      0.001       0
      2.925      0.000      1.525      0.723      0.044       0
      2.942      0.000      1.514      0.928      0.044       0
      2.958      0.000      1.503      1.014      0.049       0
      2.974      0.000      1.492      0.966      0.054       0
      2.990      0.000      1.481      0.623      0.061       0
      3.007      0.000      1.471      0.000      0.060       0
# Z=  92  A= 236 U   nbeta=  169  Egs= -1791.218 MeV
      0.274      0.000      0.000      0.000      0.007      -1
      0.355      0.000      0.022      0.239      0.092       0
      0.371      0.000      0.022      0.952      0.092       0
      0.387      0.000      0.011      1.696      0.081       0
      0.403      0.000      0.011      2.385      0.073       0
      0.420      0.000      0.011      3.249      0.067       0
      0.436      0.000      0.011      3.950      0.062       0
      0.452      0.000      0.011      4.438      0.062       0
      0.468      0.000      0.022      4.608      0.057       0
      0.484      0.000      0.022      4.633      0.060       0
      0.500      0.000      0.011      4.535      0.061       0
      0.516      0.000      0.000      4.568      0.059       0
      0.533      0.000      0.000      4.538      0.061       0
      0.549      0.000      0.000      4.448      0.063       0
      0.565      0.000      0.000      4.696      0.066       0
      0.581      0.000      0.000      4.909      0.067       0
      0.597      0.000      0.000      5.049      0.068       1
      0.613      0.000      0.000      4.788      0.068       0
      0.629      0.000      0.000      4.418      0.068       0
      0.646      0.000      0.000      4.035      0.069       0
      0.662      0.000      0.000      3.579      0.070       0
      0.678      0.000      0.000      3.097      0.071       0
      0.694      0.000      0.000      2.615      0.073       0
      0.710      0.000      0.000      2.129      0.073       0
      0.726      0.000      0.000      1.637      0.073       0
      0.742      0.000      0.000      1.161      0.073       0
      0.758      0.000      0.000      0.738      0.073       0
      0.775      0.000      0.000      0.404      0.074       0
      0.791      0.000      0.000      0.181      0.078       0
      0.807      0.000      0.000      0.055      0.082       0
      0.823      0.000      0.000      0.002      0.086       0
      0.839      0.000      0.000     -0.001      0.002       2
      0.855      0.000      0.065      0.292      0.002       0
      0.871      0.000      0.120      0.916      0.081       0
      0.888      0.000      0.131      1.030      0.002       0
      0.904      0.000      0.163      1.486      0.072       0
      0.920      0.000      0.174      1.704      0.070       0
      0.936      0.000      0.185      1.957      0.068       0
      0.952      0.000      0.196      2.243      0.066       0
      0.968      0.000      0.207      2.552      0.065       0
      0.984      0.000      0.218      2.880      0.064       0
      1.001      0.000      0.228      3.227      0.063       0
      1.017      0.000      0.239      3.563      0.061       0
      1.033      0.000      0.250      3.895      0.058       0
      1.049      0.000      0.261      4.181      0.056       0
      1.065      0.000      0.272      4.446      0.055       0
      1.081      0.000      0.283      4.690      0.054       0
      1.097      0.000      0.294      4.916      0.053       0
      1.114      0.000      0.305      5.123      0.052       0
      1.130      0.000      0.316      5.298      0.052       0
      1.146      0.000      0.326      5.450      0.052       0
      1.162      0.000      0.337      5.593      0.051       0
      1.178      0.000      0.348      5.731      0.050       0
      1.194      0.000      0.359      5.841      0.047       0
      1.210      0.000      0.370      5.895      0.046       0
      1.226      0.000      0.381      5.915      0.045       1
      1.243      0.000      0.392      5.888      0.046       0
      1.259      0.000      0.403      5.819      0.049       0
      1.275      0.000      0.413      5.729      0.051       0
      1.291      0.000      0.424      5.617      0.054       0
      1.307      0.000      0.435      5.485      0.056       0
      1.323      0.000      0.446      5.343      0.057       0
      1.339      0.000      0.457      5.204      0.058       0
      1.356      0.000      0.468      5.087      0.054       0
      1.372      0.000      0.468      5.000      0.057       0
      1.388      0.000      0.479      4.938      0.056       0
      1.404      0.000      0.490      4.884      0.054       0
      1.420      0.000      0.501      4.817      0.053       0
      1.436      0.000      0.511      4.788      0.051       0
      1.452      0.000      0.522      4.778      0.050       0
      1.469      0.000      0.533      4.754      0.048       0
      1.485      0.000      0.544      4.728      0.048       0
      1.501      0.000      0.555      4.703      0.048       0
      1.517      0.000      0.566      4.682      0.001       0
      1.533      0.000      0.588      4.616      0.049       0
      1.549      0.000      0.598      4.558      0.049       0
      1.565      0.000      0.609      4.511      0.049       0
      1.581      0.000      0.620      4.471      0.049       0
      1.598      0.000      0.631      4.433      0.001       0
      1.614      0.000      0.653      4.364      0.049       0
      1.630      0.000      0.664      4.334      0.050       0
      1.646      0.000      0.675      4.302      0.050       0
      1.662      0.000      0.685      4.233      0.050       0
      1.678      0.000      0.696      4.198      0.050       0
      1.694      0.000      0.707      4.172      0.050       0
      1.711      0.000      0.718      4.119      0.051       0
      1.727      0.000      0.729      4.040      0.051       0
      1.743      0.000      0.740      3.982      0.052       0
      1.759      0.000      0.751      3.929      0.052       0
      1.775      0.000      0.762      3.860      0.053       0
      1.791      0.000      0.773      3.779      0.053       0
      1.807      0.000      0.783      3.689      0.054       0
      1.824      0.000      0.794      3.612      0.056       0
      1.840      0.000      0.805      3.558      0.057       0
      1.856      0.000      0.816      3.486      0.057       0
      1.872      0.000      0.827      3.415      0.058       0
      1.888      0.000      0.838      3.350      0.059       0
      1.904      0.000      0.849      3.290      0.060       0
      1.920      0.000      0.860      3.229      0.061       0
      1.937      0.000      0.870      3.156      0.062       0
      1.953      0.000      0.881      3.083      0.063       0
      1.969      0.000      0.892      3.024      0.063       0
      1.985      0.000      0.903      2.971      0.064       0
      2.001      0.000      0.914      2.916      0.064       0
      2.017      0.000      0.925      2.857      0.065       0
      2.033      0.000      0.936      2.798      0.065       0
      2.049      0.000      0.947      2.740      0.066       0
      2.066      0.000      0.958      2.684      0.067       0
      2.082      0.000      0.968      2.629      0.068       0
      2.098      0.000      0.979      2.576      0.068       0
      2.114      0.000      0.990      2.522      0.069       0
      2.130      0.000      1.001      2.468      0.070       0
      2.146      0.000      1.012      2.415      0.071       0
      2.162      0.000      1.023      2.363      0.070       0
      2.179      0.000      1.034      2.307      0.070       0
      2.195      0.000      1.045      2.242      0.071       0
      2.211      0.000      1.055      2.183      0.001       0
      2.227      0.000      1.077      2.086      0.065       0
      2.243      0.000      1.088      2.033      0.066       0
      2.259      0.000      1.099      1.977      0.064       0
      2.275      0.000      1.110      1.937      0.058       0
      2.292      0.000      1.121      1.896      0.057       0
      2.308      0.000      1.132      1.851      0.060       0
      2.324      0.000      1.142      1.803      0.060       0
      2.340      0.000      1.153      1.756      0.001       0
      2.356      0.000      1.175      1.687      0.052       0
      2.372      0.000      1.186      1.650      0.052       0
      2.388      0.000      1.197      1.611      0.051       0
      2.405      0.000      1.208      1.577      0.050       0
      2.421      0.000      1.219      1.552      0.049       0
      2.437      0.000      1.230      1.539      0.051       0
      2.453      0.000      1.240      1.490      0.049       0
      2.469      0.000      1.251      1.465      0.047       0
      2.485      0.000      1.262      1.452      0.047       0
      2.501      0.000      1.273      1.440      0.048       0
      2.517      0.000      1.284      1.422      0.047       0
      2.534      0.000      1.295      1.403      0.046       0
      2.550      0.000      1.306      1.379      0.040       0
      2.566      0.000      1.306      1.368      0.048       0
      2.582      0.000      1.317      1.360      0.048       0
      2.598      0.000      1.327      1.344      0.047       0
      2.614      0.000      1.338      1.326      0.046       0
      2.630      0.000      1.349      1.308      0.040       0
      2.647      0.000      1.349      1.289      0.046       0
      2.663      0.000      1.360      1.271      0.046       0
      2.679      0.000      1.371      1.253      0.045       0
      2.695      0.000      1.382      1.230      0.044       0
      2.711      0.000      1.393      1.199      0.043       0
      2.727      0.000      1.404      1.167      0.043       0
      2.743      0.000      1.415      1.145      0.043       0
      2.760      0.000      1.425      1.111      0.042       0
      2.776      0.000      1.436      1.082      0.038       0
      2.792      0.000      1.436      1.063      0.042       0
      2.808      0.000      1.447      1.049      0.042       0
      2.824      0.000      1.458      1.012      0.041       0
      2.840      0.000      1.469      0.935      0.041       0
      2.856      0.000      1.480      0.779      0.042       0
      2.873      0.000      1.491      0.619      0.043       0
      2.889      0.000      1.502      0.682      0.042       0
      2.905      0.000      1.512      0.723      0.040       0
      2.921      0.000      1.523      0.661      0.041       0
      2.937      0.000      1.534      0.575      0.042       0
      2.953      0.000      1.545      0.500      0.038       0
      2.969      0.000      1.545      0.469      0.034       0
      2.985      0.000      1.534      0.552      0.032       0
      3.002      0.000      1.523      0.584      0.027       0
      3.018      0.000      1.512      0.497      0.023       0
      3.034      0.000      1.502      0.154      0.021       0
      3.038      0.000      1.499      0.000      0.021       0
# Z=  92  A= 237 U   nbeta=  175  Egs= -1795.510 MeV
      0.288      0.000      0.000      0.000      0.010      -1
      0.353      0.000      0.032      0.269      0.690       0
      0.369      0.000      0.022      1.161      0.526       0
      0.385      0.000      0.032      2.126      0.185       0
      0.401      0.000      0.032      3.052      0.058       0
      0.417      0.000      0.022      3.901      0.031       0
      0.433      0.000      0.011      4.656      0.035       0
      0.449      0.000      0.011      5.228      0.059       0
      0.465      0.000      0.011      5.533      0.079       0
      0.481      0.000      0.022      5.647      0.078       0
      0.497      0.000      0.011      5.631      0.075       0
      0.513      0.000      0.011      5.599      0.075       0
      0.529      0.000      0.000      5.523      0.075       0
      0.545      0.000      0.000      5.390      0.076       0
      0.561      0.000      0.000      5.527      0.076       0
      0.577      0.000      0.000      5.753      0.076       0
      0.593      0.000      0.000      5.908      0.078       1
      0.609      0.000      0.000      5.828      0.080       0
      0.625      0.000      0.000      5.559      0.081       0
      0.641      0.000      0.000      5.250      0.080       0
      0.657      0.000      0.000      4.827      0.077       0
      0.673      0.000      0.000      4.273      0.076       0
      0.689      0.000      0.000      3.704      0.083       0
      0.705      0.000      0.000      3.116      0.105       0
      0.721      0.000      0.000      2.511      0.144       0
      0.737      0.000      0.000      1.928      0.190       0
      0.753      0.000      0.000      1.416      0.229       0
      0.769      0.000      0.000      1.021      0.249       0
      0.785      0.000      0.000      0.782      0.240       0
      0.801      0.000      0.000      0.667      0.209       0
      0.817      0.000      0.000      0.622      0.168       0
      0.833      0.000      0.000      0.591      0.131       0
      0.849      0.000      0.000      0.532      0.106       0
      0.865      0.000      0.000      0.459      0.092       0
      0.881      0.000      0.000      0.396      0.084       0
      0.897      0.000      0.000      0.371      0.002       2
      0.913      0.000      0.065      0.524      0.002       0
      0.929      0.000      0.140      1.052      0.002       0
      0.945      0.000      0.205      1.842      0.002       0
      0.961      0.000      0.227      2.264      0.060       0
      0.977      0.000      0.237      2.701      0.066       0
      0.994      0.000      0.248      3.165      0.068       0
      1.010      0.000      0.259      3.684      0.067       0
      1.026      0.000      0.270      4.162      0.067       0
      1.042      0.000      0.281      4.572      0.067       0
      1.058      0.000      0.291      4.955      0.067       0
      1.074      0.000      0.302      5.304      0.066       0
      1.090      0.000      0.313      5.592      0.065       0
      1.106      0.000      0.324      5.824      0.064       0
      1.122      0.000      0.334      6.028      0.065       0
      1.138      0.000      0.345      6.180      0.066       0
      1.154      0.000      0.356      6.341      0.067       0
      1.170      0.000      0.367      6.575      0.064       0
      1.186      0.000      0.378      6.777      0.060       0
      1.202      0.000      0.388      6.970      0.052       0
      1.218      0.000      0.399      7.077      0.047       0
      1.234      0.000      0.410      7.107      0.042       1
      1.250      0.000      0.399      7.077      0.052       0
      1.266      0.000      0.410      6.993      0.055       0
      1.282      0.000      0.410      6.879      0.067       0
      1.298      0.000      0.421      6.763      0.073       0
      1.314      0.000      0.432      6.607      0.079       0
      1.330      0.000      0.442      6.441      0.082       0
      1.346      0.000      0.453      6.257      0.082       0
      1.362      0.000      0.464      6.094      0.081       0
      1.378      0.000      0.475      5.970      0.081       0
      1.394      0.000      0.486      5.911      0.080       0
      1.410      0.000      0.496      5.828      0.079       0
      1.426      0.000      0.507      5.742      0.077       0
      1.442      0.000      0.518      5.653      0.074       0
      1.458      0.000      0.529      5.566      0.070       0
      1.474      0.000      0.539      5.492      0.067       0
      1.490      0.000      0.550      5.456      0.065       0
      1.506      0.000      0.561      5.377      0.064       0
      1.522      0.000      0.572      5.303      0.062       0
      1.538      0.000      0.583      5.241      0.060       0
      1.554      0.000      0.593      5.209      0.001       0
      1.570      0.000      0.615      5.193      0.062       0
      1.586      0.000      0.626      5.131      0.062       0
      1.602      0.000      0.637      5.061      0.001       0
      1.618      0.000      0.658      5.048      0.063       0
      1.634      0.000      0.669      5.020      0.064       0
      1.651      0.000      0.680      4.969      0.060       0
      1.667      0.000      0.691      4.920      0.063       0
      1.683      0.000      0.701      4.881      0.072       0
      1.699      0.000      0.712      4.854      0.080       0
      1.715      0.000      0.723      4.837      0.068       0
      1.731      0.000      0.734      4.780      0.063       0
      1.747      0.000      0.744      4.697      0.064       0
      1.763      0.000      0.755      4.616      0.062       0
      1.779      0.000      0.766      4.536      0.061       0
      1.795      0.000      0.777      4.458      0.063       0
      1.811      0.000      0.788      4.377      0.080       0
      1.827      0.000      0.798      4.288      0.106       0
      1.843      0.000      0.809      4.182      0.087       0
      1.859      0.000      0.820      4.079      0.066       0
      1.875      0.000      0.831      3.980      0.055       0
      1.891      0.000      0.842      3.896      0.060       0
      1.907      0.000      0.852      3.834      0.070       0
      1.923      0.000      0.863      3.767      0.075       0
      1.939      0.000      0.874      3.700      0.079       0
      1.955      0.000      0.885      3.638      0.084       0
      1.971      0.000      0.896      3.579      0.086       0
      1.987      0.000      0.906      3.524      0.082       0
      2.003      0.000      0.917      3.471      0.065       0
      2.019      0.000      0.928      3.420      0.046       0
      2.035      0.000      0.939      3.371      0.046       0
      2.051      0.000      0.949      3.321      0.085       0
      2.067      0.000      0.960      3.262      0.188       0
      2.083      0.000      0.971      3.191      0.340       0
      2.099      0.000      0.982      3.118      0.499       0
      2.115      0.000      0.993      3.053      0.622       0
      2.131      0.000      1.003      2.984      0.574       0
      2.147      0.000      1.014      2.902      0.388       0
      2.163      0.000      1.025      2.772      0.118       0
      2.179      0.000      1.036      2.672      0.041       0
      2.195      0.000      1.047      2.607      0.118       0
      2.211      0.000      1.057      2.542      0.163       0
      2.227      0.000      1.068      2.467      0.147       0
      2.243      0.000      1.079      2.370      0.042       0
      2.259      0.000      1.090      2.322     -0.023       0
      2.275      0.000      1.090      2.313      0.002       0
      2.291      0.000      1.100      2.283      0.033       0
      2.308      0.000      1.111      2.190      0.046       0
      2.324      0.000      1.122      2.111      0.039       0
      2.340      0.000      1.133      2.058      0.033       0
      2.356      0.000      1.144      2.023      0.035       0
      2.372      0.000      1.154      1.983      0.039       0
      2.388      0.000      1.165      1.930      0.037       0
      2.404      0.000      1.165      1.881      0.039       0
      2.420      0.000      1.176      1.848      0.037       0
      2.436      0.000      1.187      1.823      0.036       0
      2.452      0.000      1.198      1.814      0.039       0
      2.468      0.000      1.208      1.770      0.010       0
      2.484      0.000      1.208      1.748      0.009       0
      2.500      0.000      1.219      1.744      0.044       0
      2.516      0.000      1.230      1.763      0.114       0
      2.532      0.000      1.241      1.726      0.074       0
      2.548      0.000      1.252      1.677     -0.055       0
      2.564      0.000      1.262      1.654      0.000       0
      2.580      0.000      1.295      1.605      0.020       0
      2.596      0.000      1.305      1.587     -0.035       0
      2.612      0.000      1.316      1.514     -0.043       0
      2.628      0.000      1.327      1.407      0.017       0
      2.644      0.000      1.338      1.347      0.045       0
      2.660      0.000      1.349      1.300      0.047       0
      2.676      0.000      1.359      1.253      0.043       0
      2.692      0.000      1.370      1.214      0.042       0
      2.708      0.000      1.381      1.187      0.047       0
      2.724      0.000      1.392      1.174      0.049       0
      2.740      0.000      1.403      1.167      0.048       0
      2.756      0.000      1.413      1.157      0.045       0
      2.772      0.000      1.424      1.132      0.043       0
      2.788      0.000      1.435      1.100      0.043       0
      2.804      0.000      1.446      1.070      0.042       0
      2.820      0.000      1.457      1.053      0.038       0
      2.836      0.000      1.457      1.056      0.046       0
      2.852      0.000      1.467      1.060      0.047       0
      2.868      0.000      1.478      1.022      0.052       0
      2.884      0.000      1.489      0.945      0.048       0
      2.900      0.000      1.489      0.926      0.049       0
      2.916      0.000      1.478      0.873      0.001       0
      2.900      0.000      1.489      0.926      0.001       0
      2.916      0.000      1.510      0.899      0.065       0
      2.932      0.000      1.521      0.783      0.080       0
      2.948      0.000      1.532      0.706      0.083       0
      2.965      0.000      1.532      0.598      0.104       0
      2.981      0.000      1.543      0.511      0.097       0
      2.997      0.000      1.543      0.514      0.080       0
      3.013      0.000      1.532      0.579      0.069       0
      3.029      0.000      1.521      0.912      0.057       0
      3.045      0.000      1.510      1.206      0.048       1
      3.061      0.000      1.510      1.190      0.036       0
      3.077      0.000      1.500      0.459      0.031       0
      3.082      0.000      1.496      0.000      0.031       0
# Z=  92  A= 238 U   nbeta=  176  Egs= -1801.817 MeV
      0.286      0.000      0.000      0.000      0.007      -1
      0.366      0.000      0.053      0.611      0.092       0
      0.382      0.000      0.043      1.492      0.091       0
      0.398      0.000      0.032      2.416      0.085       0
      0.414      0.000      0.021      3.228      0.073       0
      0.430      0.000      0.021      3.954      0.071       0
      0.446      0.000      0.011      4.559      0.064       0
      0.461      0.000      0.021      4.962      0.061       0
      0.477      0.000      0.011      5.247      0.058       0
      0.493      0.000      0.000      5.290      0.056       0
      0.509      0.000      0.000      5.265      0.057       0
      0.525      0.000      0.000      5.230      0.058       0
      0.541      0.000      0.000      5.115      0.063       0
      0.557      0.000      0.011      5.149      0.060       0
      0.573      0.000      0.011      5.403      0.061       0
      0.589      0.000      0.011      5.566      0.064       0
      0.605      0.000      0.000      5.591      0.061       1
      0.621      0.000      0.000      5.410      0.061       0
      0.636      0.000      0.000      5.189      0.061       0
      0.652      0.000      0.000      4.899      0.062       0
      0.668      0.000      0.000      4.330      0.063       0
      0.684      0.000      0.000      3.754      0.066       0
      0.700      0.000      0.000      3.176      0.071       0
      0.716      0.000      0.000      2.610      0.076       0
      0.732      0.000      0.000      2.083      0.081       0
      0.748      0.000      0.000      1.622      0.086       0
      0.764      0.000      0.000      1.257      0.088       0
      0.780      0.000      0.000      1.003      0.088       0
      0.796      0.000      0.000      0.839      0.085       0
      0.812      0.000      0.000      0.738      0.081       0
      0.827      0.000      0.000      0.670      0.076       0
      0.843      0.000      0.000      0.614      0.073       0
      0.859      0.000      0.000      0.568      0.070       0
      0.875      0.000      0.000      0.535      0.067       0
      0.891      0.000      0.000      0.517      0.002       2
      0.907      0.000      0.021      0.546      0.002       0
      0.923      0.000      0.118      1.019      0.002       0
      0.939      0.000      0.171      1.513      0.002       0
      0.955      0.000      0.214      2.063      0.058       0
      0.971      0.000      0.225      2.377      0.058       0
      0.987      0.000      0.235      2.727      0.059       0
      1.002      0.000      0.246      3.092      0.059       0
      1.018      0.000      0.257      3.451      0.060       0
      1.034      0.000      0.267      3.780      0.060       0
      1.050      0.000      0.278      4.102      0.059       0
      1.066      0.000      0.289      4.411      0.059       0
      1.082      0.000      0.300      4.723      0.059       0
      1.098      0.000      0.310      5.063      0.058       0
      1.114      0.000      0.321      5.415      0.056       0
      1.130      0.000      0.332      5.760      0.053       0
      1.146      0.000      0.342      6.077      0.051       0
      1.162      0.000      0.353      6.359      0.049       0
      1.178      0.000      0.364      6.611      0.047       0
      1.193      0.000      0.374      6.828      0.046       0
      1.209      0.000      0.385      7.001      0.045       0
      1.225      0.000      0.396      7.123      0.046       0
      1.241      0.000      0.407      7.192      0.043       0
      1.257      0.000      0.407      7.211      0.048       1
      1.273      0.000      0.417      7.174      0.050       0
      1.289      0.000      0.428      7.086      0.052       0
      1.305      0.000      0.439      6.939      0.054       0
      1.321      0.000      0.449      6.780      0.055       0
      1.337      0.000      0.460      6.582      0.057       0
      1.353      0.000      0.471      6.367      0.059       0
      1.368      0.000      0.481      6.175      0.055       0
      1.384      0.000      0.481      5.999      0.055       0
      1.400      0.000      0.481      5.840      0.059       0
      1.416      0.000      0.492      5.696      0.058       0
      1.432      0.000      0.503      5.562      0.057       0
      1.448      0.000      0.514      5.423      0.056       0
      1.464      0.000      0.524      5.279      0.055       0
      1.480      0.000      0.535      5.165      0.053       0
      1.496      0.000      0.546      5.056      0.052       0
      1.512      0.000      0.556      4.960      0.050       0
      1.528      0.000      0.567      4.887      0.050       0
      1.543      0.000      0.578      4.801      0.050       0
      1.559      0.000      0.588      4.708      0.050       0
      1.575      0.000      0.599      4.619      0.050       0
      1.591      0.000      0.610      4.538      0.050       0
      1.607      0.000      0.621      4.481      0.051       0
      1.623      0.000      0.631      4.446      0.052       0
      1.639      0.000      0.642      4.420      0.052       0
      1.655      0.000      0.653      4.389      0.001       0
      1.671      0.000      0.674      4.311      0.001       0
      1.687      0.000      0.695      4.257      0.053       0
      1.703      0.000      0.706      4.237      0.053       0
      1.719      0.000      0.717      4.226      0.001       0
      1.734      0.000      0.738      4.228      0.053       0
      1.750      0.000      0.749      4.212      0.053       0
      1.766      0.000      0.760      4.192      0.053       0
      1.782      0.000      0.770      4.177      0.053       0
      1.798      0.000      0.781      4.173      0.053       0
      1.814      0.000      0.792      4.167      0.053       0
      1.830      0.000      0.802      4.116      0.052       0
      1.846      0.000      0.813      4.067      0.052       0
      1.862      0.000      0.824      4.026      0.052       0
      1.878      0.000      0.834      3.984      0.052       0
      1.894      0.000      0.845      3.940      0.052       0
      1.909      0.000      0.856      3.895      0.052       0
      1.925      0.000      0.867      3.849      0.053       0
      1.941      0.000      0.877      3.805      0.054       0
      1.957      0.000      0.888      3.762      0.055       0
      1.973      0.000      0.899      3.719      0.056       0
      1.989      0.000      0.909      3.672      0.050       0
      2.005      0.000      0.909      3.620      0.059       0
      2.021      0.000      0.920      3.561      0.060       0
      2.037      0.000      0.931      3.498      0.062       0
      2.053      0.000      0.941      3.444      0.055       0
      2.069      0.000      0.941      3.398      0.066       0
      2.085      0.000      0.952      3.362      0.066       0
      2.100      0.000      0.963      3.303      0.068       0
      2.116      0.000      0.974      3.257      0.069       0
      2.132      0.000      0.984      3.211      0.071       0
      2.148      0.000      0.995      3.157      0.072       0
      2.164      0.000      1.006      3.102      0.062       0
      2.180      0.000      1.006      3.052      0.074       0
      2.196      0.000      1.016      2.998      0.074       0
      2.212      0.000      1.027      2.935      0.074       0
      2.228      0.000      1.038      2.883      0.063       0
      2.244      0.000      1.038      2.836      0.075       0
      2.260      0.000      1.048      2.792      0.074       0
      2.275      0.000      1.059      2.743      0.074       0
      2.291      0.000      1.070      2.697      0.074       0
      2.307      0.000      1.081      2.655      0.074       0
      2.323      0.000      1.091      2.614      0.073       0
      2.339      0.000      1.102      2.569      0.062       0
      2.355      0.000      1.102      2.526      0.072       0
      2.371      0.000      1.113      2.487      0.071       0
      2.387      0.000      1.123      2.448      0.070       0
      2.403      0.000      1.134      2.406      0.070       0
      2.419      0.000      1.145      2.361      0.069       0
      2.435      0.000      1.155      2.313      0.069       0
      2.451      0.000      1.166      2.266      0.068       0
      2.466      0.000      1.177      2.219      0.068       0
      2.482      0.000      1.188      2.171      0.067       0
      2.498      0.000      1.198      2.119      0.065       0
      2.514      0.000      1.209      2.064      0.065       0
      2.530      0.000      1.220      2.003      0.065       0
      2.546      0.000      1.230      1.938      0.065       0
      2.562      0.000      1.241      1.887      0.064       0
      2.578      0.000      1.252      1.826      0.063       0
      2.594      0.000      1.262      1.756      0.063       0
      2.610      0.000      1.273      1.693      0.062       0
      2.626      0.000      1.284      1.638      0.061       0
      2.641      0.000      1.295      1.583      0.060       0
      2.657      0.000      1.305      1.513      0.060       0
      2.673      0.000      1.316      1.445      0.059       0
      2.689      0.000      1.327      1.378      0.059       0
      2.705      0.000      1.337      1.317      0.057       0
      2.721      0.000      1.348      1.262      0.056       0
      2.737      0.000      1.359      1.202      0.055       0
      2.753      0.000      1.369      1.123      0.055       0
      2.769      0.000      1.380      1.059      0.053       0
      2.785      0.000      1.391      1.003      0.052       0
      2.801      0.000      1.402      0.940      0.052       0
      2.816      0.000      1.412      0.878      0.052       0
      2.832      0.000      1.423      0.820      0.051       0
      2.848      0.000      1.434      0.755      0.051       0
      2.864      0.000      1.444      0.694      0.050       0
      2.880      0.000      1.455      0.655      0.049       0
      2.896      0.000      1.466      0.603      0.049       0
      2.912      0.000      1.476      0.542      0.049       0
      2.928      0.000      1.487      0.450      0.049       0
      2.944      0.000      1.498      0.302      0.045       0
      2.960      0.000      1.498      0.176      0.052       0
      2.976      0.000      1.509      0.138      0.052       0
      2.992      0.000      1.519      0.212      0.050       0
      3.007      0.000      1.530      0.212      0.050       0
      3.023      0.000      1.541      0.117      0.052       0
      3.039      0.000      1.551      0.008      0.052       0
      3.055      0.000      1.562     -0.009      0.050       2
      3.039      0.000      1.551      0.008      0.042       0
      3.055      0.000      1.541      0.147      0.040       0
      3.071      0.000      1.530      0.264      0.038       0
      3.087      0.000      1.519      0.031      0.041       0
      3.088      0.000      1.519      0.000      0.041       0
# Z=  92  A= 239 U   nbeta=  179  Egs= -1805.908 MeV
      0.284      0.000      0.064      0.000      0.008      -1
      0.363      0.000      0.000      0.024      0.156       0
      0.379      0.000      0.000      0.971      0.084       0
      0.395      0.000      0.000      2.181      0.058       0
      0.411      0.000      0.011      3.168      0.054       0
      0.427      0.000      0.021      3.964      0.061       0
      0.442      0.000      0.032      4.602      0.074       0
      0.458      0.000      0.021      5.066      0.075       0
      0.474      0.000      0.021      5.432      0.082       0
      0.490      0.000      0.011      5.581      0.073       0
      0.506      0.000      0.011      5.606      0.070       0
      0.521      0.000      0.011      5.607      0.071       0
      0.537      0.000      0.011      5.516      0.075       0
      0.553      0.000      0.000      5.414      0.073       0
      0.569      0.000      0.000      5.587      0.073       0
      0.585      0.000      0.000      5.639      0.071       1
      0.600      0.000      0.000      5.599      0.069       0
      0.616      0.000      0.000      5.530      0.067       0
      0.632      0.000      0.000      5.438      0.066       0
      0.648      0.000      0.000      5.351      0.066       0
      0.664      0.000      0.000      4.858      0.070       0
      0.679      0.000      0.000      4.291      0.079       0
      0.695      0.000      0.000      3.703      0.093       0
      0.711      0.000      0.000      3.088      0.112       0
      0.727      0.000      0.000      2.484      0.136       0
      0.743      0.000      0.000      1.936      0.161       0
      0.758      0.000      0.000      1.493      0.183       0
      0.774      0.000      0.000      1.192      0.200       0
      0.790      0.000      0.000      1.007      0.208       0
      0.806      0.000      0.000      0.889      0.209       0
      0.822      0.000      0.000      0.791      0.204       0
      0.837      0.000      0.000      0.675      0.193       0
      0.853      0.000      0.000      0.543      0.177       0
      0.869      0.000      0.000      0.407      0.155       0
      0.885      0.000      0.000      0.277      0.130       0
      0.901      0.000      0.000      0.169      0.104       0
      0.916      0.000      0.000      0.097      0.083       0
      0.932      0.000      0.000      0.075      0.002       2
      0.948      0.000      0.095      0.365      0.002       0
      0.964      0.000      0.180      1.071      0.000       0
      0.980      0.000      0.244      1.933      0.000       0
      0.995      0.000      0.265      2.329      0.084       0
      1.011      0.000      0.276      2.611      0.103       0
      1.027      0.000      0.286      2.961      0.093       0
      1.043      0.000      0.297      3.345      0.076       0
      1.059      0.000      0.308      3.726      0.084       0
      1.075      0.000      0.318      4.134      0.088       0
      1.090      0.000      0.329      4.577      0.088       0
      1.106      0.000      0.339      5.044      0.084       0
      1.122      0.000      0.350      5.523      0.078       0
      1.138      0.000      0.361      5.980      0.073       0
      1.154      0.000      0.371      6.407      0.067       0
      1.169      0.000      0.382      6.791      0.061       0
      1.185      0.000      0.393      7.116      0.056       0
      1.201      0.000      0.403      7.385      0.053       0
      1.217      0.000      0.414      7.574      0.054       0
      1.233      0.000      0.424      7.698      0.057       0
      1.248      0.000      0.435      7.733      0.057       1
      1.264      0.000      0.435      7.696      0.060       0
      1.280      0.000      0.435      7.607      0.066       0
      1.296      0.000      0.446      7.476      0.061       0
      1.312      0.000      0.446      7.311      0.067       0
      1.327      0.000      0.456      7.124      0.069       0
      1.343      0.000      0.467      6.924      0.067       0
      1.359      0.000      0.467      6.707      0.071       0
      1.375      0.000      0.467      6.499      0.083       0
      1.391      0.000      0.477      6.292      0.086       0
      1.406      0.000      0.488      6.097      0.088       0
      1.422      0.000      0.499      5.901      0.089       0
      1.438      0.000      0.509      5.722      0.088       0
      1.454      0.000      0.520      5.559      0.084       0
      1.470      0.000      0.530      5.393      0.080       0
      1.485      0.000      0.541      5.229      0.077       0
      1.501      0.000      0.552      5.085      0.069       0
      1.517      0.000      0.552      4.965      0.070       0
      1.533      0.000      0.562      4.860      0.068       0
      1.549      0.000      0.573      4.756      0.067       0
      1.564      0.000      0.584      4.619      0.067       0
      1.580      0.000      0.594      4.523      0.067       0
      1.596      0.000      0.605      4.454      0.067       0
      1.612      0.000      0.615      4.386      0.068       0
      1.628      0.000      0.626      4.332      0.001       0
      1.643      0.000      0.647      4.278      0.072       0
      1.659      0.000      0.658      4.243      0.078       0
      1.675      0.000      0.668      4.205      0.001       0
      1.691      0.000      0.690      4.163      0.001       0
      1.707      0.000      0.721      4.222      0.071       0
      1.722      0.000      0.732      4.226      0.068       0
      1.738      0.000      0.743      4.245      0.069       0
      1.754      0.000      0.753      4.240      0.067       0
      1.770      0.000      0.764      4.212      0.065       0
      1.786      0.000      0.774      4.188      0.064       0
      1.801      0.000      0.785      4.176      0.062       0
      1.817      0.000      0.796      4.152      0.061       0
      1.833      0.000      0.806      4.126      0.055       0
      1.849      0.000      0.806      4.099      0.056       0
      1.865      0.000      0.806      4.078      0.064       0
      1.880      0.000      0.817      4.056      0.056       0
      1.896      0.000      0.817      4.038      0.063       0
      1.912      0.000      0.828      4.017      0.060       0
      1.928      0.000      0.838      3.995      0.060       0
      1.944      0.000      0.849      3.957      0.064       0
      1.959      0.000      0.859      3.899      0.076       0
      1.975      0.000      0.870      3.841      0.100       0
      1.991      0.000      0.881      3.785      0.122       0
      2.007      0.000      0.891      3.725      0.150       0
      2.023      0.000      0.902      3.666      0.186       0
      2.038      0.000      0.912      3.620      0.196       0
      2.054      0.000      0.923      3.570      0.144       0
      2.070      0.000      0.923      3.522      0.157       0
      2.086      0.000      0.934      3.469      0.095       0
      2.102      0.000      0.934      3.416      0.093       0
      2.117      0.000      0.944      3.362      0.061       0
      2.133      0.000      0.944      3.302      0.060       0
      2.149      0.000      0.955      3.243      0.075       0
      2.165      0.000      0.955      3.180      3.277       0
      2.181      0.000      0.965      3.124      4.577       0
      2.196      0.000      0.955      3.060      4.190       0
      2.212      0.000      0.965      3.010      0.304       0
      2.228      0.000      0.976      2.974    -15.618       0
      2.244      0.000      0.987      2.922    -14.667       0
      2.260      0.000      0.997      2.869     -0.936       0
      2.275      0.000      1.008      2.817     10.421       0
      2.291      0.000      1.018      2.764      1.742       0
      2.307      0.000      1.018      2.711      1.541       0
      2.323      0.000      1.029      2.664    -20.781       0
      2.339      0.000      1.040      2.630    -24.129       0
      2.354      0.000      1.050      2.607     -3.532       0
      2.370      0.000      1.061      2.555      0.209       0
      2.386      0.000      1.061      2.515      0.134       0
      2.402      0.000      1.072      2.486      0.063       0
      2.418      0.000      1.072      2.468      0.216       0
      2.433      0.000      1.082      2.456      0.795       0
      2.449      0.000      1.093      2.428      0.369       0
      2.465      0.000      1.103      2.371      0.040       0
      2.481      0.000      1.114      2.291      0.041       0
      2.497      0.000      1.125      2.207      0.052       0
      2.512      0.000      1.135      2.122      0.065       0
      2.528      0.000      1.146      2.037      0.075       0
      2.544      0.000      1.156      1.954      0.079       0
      2.560      0.000      1.167      1.873      0.080       0
      2.576      0.000      1.178      1.794      0.079       0
      2.591      0.000      1.188      1.720      0.077       0
      2.607      0.000      1.199      1.651      0.068       0
      2.623      0.000      1.209      1.583      0.056       0
      2.639      0.000      1.220      1.519      0.054       0
      2.655      0.000      1.231      1.459      0.074       0
      2.670      0.000      1.241      1.404      0.130       0
      2.686      0.000      1.252      1.350      0.200       0
      2.702      0.000      1.263      1.289      0.128       0
      2.718      0.000      1.273      1.230      0.075       0
      2.734      0.000      1.284      1.163      0.159       0
      2.749      0.000      1.294      1.081      0.003       0
      2.765      0.000      1.326      0.862      0.336       0
      2.781      0.000      1.337      0.799      0.003       0
      2.797      0.000      1.379      0.561      0.304       0
      2.813      0.000      1.390      0.478      0.217       0
      2.828      0.000      1.400      0.396      0.122       0
      2.844      0.000      1.411      0.320      0.142       0
      2.860      0.000      1.422      0.223      0.002       0
      2.844      0.000      1.443      0.165      0.001       0
      2.860      0.000      1.475      0.087      0.000       0
      2.876      0.000      1.496      0.032      0.042       0
      2.892      0.000      1.507     -0.105      0.049       0
      2.907      0.000      1.517     -0.248      0.037       0
      2.923      0.000      1.507     -0.506      0.041       0
      2.939      0.000      1.496     -0.707      0.052       0
      2.955      0.000      1.496     -0.709      0.059       0
      2.971      0.000      1.507     -0.348      0.044       0
      2.986      0.000      1.517     -0.385      0.047       0
      3.002      0.000      1.528     -0.639      0.060       0
      3.018      0.000      1.538     -0.807      0.059       0
      3.002      0.000      1.549     -0.878      0.049       2
      3.018      0.000      1.538     -0.807      0.059       0
      3.034      0.000      1.528     -0.400      0.065       0
      3.050      0.000      1.517      0.101      0.052       0
      3.066      0.000      1.507      0.302      0.027       1
      3.081      0.000      1.496      0.120      0.011       0
      3.084      0.000      1.494      0.000      0.013       0
