# Z=  96  A= 241 Cm  nbeta=  106  Egs= -1815.762 MeV
      0.296      0.000      0.000      0.000      0.382      -1
      0.358      0.000      0.000      0.326      0.185       0
      0.374      0.000      0.000      1.364      0.116       0
      0.390      0.000      0.000      2.440      0.088       0
      0.405      0.000      0.010      3.430      0.072       0
      0.421      0.000      0.010      4.281      0.079       0
      0.436      0.000      0.000      4.979      0.079       0
      0.452      0.000      0.010      5.438      0.071       0
      0.468      0.000      0.010      5.732      0.071       0
      0.483      0.000      0.010      5.858      0.072       0
      0.499      0.000      0.010      5.839      0.073       0
      0.514      0.000      0.010      5.873      0.074       0
      0.530      0.000      0.010      5.856      0.079       0
      0.545      0.000      0.000      5.741      0.078       0
      0.561      0.000      0.000      5.822      0.079       0
      0.577      0.000      0.000      5.951      0.078       0
      0.592      0.000      0.000      6.020      0.077       1
      0.608      0.000      0.000      6.003      0.075       0
      0.623      0.000      0.000      5.903      0.074       0
      0.639      0.000      0.000      5.756      0.073       0
      0.655      0.000      0.000      5.469      0.074       0
      0.670      0.000      0.000      4.908      0.077       0
      0.686      0.000      0.000      4.293      0.084       0
      0.701      0.000      0.000      3.630      0.094       0
      0.717      0.000      0.000      2.950      0.108       0
      0.732      0.000      0.000      2.285      0.123       0
      0.748      0.000      0.000      1.672      0.139       0
      0.764      0.000      0.000      1.141      0.154       0
      0.779      0.000      0.000      0.704      0.166       0
      0.795      0.000      0.000      0.366      0.171       0
      0.810      0.000      0.000      0.134      0.168       0
      0.826      0.000      0.000      0.006      0.154       0
      0.842      0.000      0.000     -0.042      0.134       2
      0.857      0.000      0.010     -0.013      0.002       0
      0.873      0.000      0.042      0.122      0.085       0
      0.888      0.000      0.052      0.182      0.002       0
      0.904      0.000      0.083      0.433      0.064       0
      0.919      0.000      0.094      0.561      0.059       0
      0.935      0.000      0.104      0.726      0.056       0
      0.951      0.000      0.115      0.938      0.058       0
      0.966      0.000      0.125      1.203      0.064       0
      0.982      0.000      0.136      1.521      0.070       0
      0.997      0.000      0.146      1.887      0.074       0
      1.013      0.000      0.157      2.341      0.073       0
      1.029      0.000      0.167      2.873      0.070       0
      1.044      0.000      0.177      3.338      0.068       0
      1.060      0.000      0.188      3.689      0.068       0
      1.075      0.000      0.198      3.868      0.071       0
      1.091      0.000      0.209      3.923      0.076       0
      1.106      0.000      0.219      3.926      0.080       0
      1.122      0.000      0.230      3.952      0.001       0
      1.138      0.000      0.292      4.161      0.084       0
      1.153      0.000      0.303      4.278      0.082       0
      1.169      0.000      0.313      4.400      0.080       0
      1.184      0.000      0.323      4.501      0.076       0
      1.200      0.000      0.334      4.555      0.070       0
      1.216      0.000      0.344      4.566      0.064       1
      1.231      0.000      0.355      4.530      0.059       0
      1.247      0.000      0.365      4.454      0.055       0
      1.262      0.000      0.376      4.343      0.054       0
      1.278      0.000      0.386      4.221      0.053       0
      1.293      0.000      0.386      4.098      0.061       0
      1.309      0.000      0.396      3.996      0.066       0
      1.325      0.000      0.407      3.932      0.069       0
      1.340      0.000      0.417      3.894      0.072       0
      1.356      0.000      0.428      3.873      0.073       0
      1.371      0.000      0.438      3.823      0.073       0
      1.387      0.000      0.449      3.777      0.072       0
      1.403      0.000      0.459      3.744      0.070       0
      1.418      0.000      0.470      3.727      0.067       0
      1.434      0.000      0.480      3.692      0.064       0
      1.449      0.000      0.490      3.654      0.060       0
      1.465      0.000      0.501      3.615      0.057       0
      1.480      0.000      0.511      3.573      0.055       0
      1.496      0.000      0.522      3.532      0.053       0
      1.512      0.000      0.532      3.498      0.001       0
      1.527      0.000      0.553      3.496      0.052       0
      1.543      0.000      0.563      3.483      0.054       0
      1.558      0.000      0.574      3.451      0.055       0
      1.574      0.000      0.584      3.385      0.056       0
      1.590      0.000      0.595      3.306      0.056       0
      1.605      0.000      0.605      3.258      0.055       0
      1.621      0.000      0.616      3.226      0.056       0
      1.636      0.000      0.626      3.138      0.057       0
      1.652      0.000      0.636      3.006      0.058       0
      1.667      0.000      0.647      2.896      0.056       0
      1.683      0.000      0.657      2.794      0.054       0
      1.699      0.000      0.668      2.706      0.054       0
      1.714      0.000      0.678      2.630      0.056       0
      1.730      0.000      0.689      2.559      0.057       0
      1.745      0.000      0.699      2.493      0.054       0
      1.761      0.000      0.710      2.360      0.054       0
      1.777      0.000      0.720      2.199      0.054       0
      1.792      0.000      0.730      2.029      0.054       0
      1.808      0.000      0.741      1.856      0.052       0
      1.823      0.000      0.751      1.685      0.052       0
      1.839      0.000      0.762      1.509      0.057       0
      1.854      0.000      0.772      1.324      0.056       0
      1.870      0.000      0.783      1.132      0.052       0
      1.886      0.000      0.793      0.942      0.051       0
      1.901      0.000      0.803      0.753      0.051       0
      1.917      0.000      0.814      0.578      0.050       0
      1.932      0.000      0.824      0.421      0.051       0
      1.948      0.000      0.835      0.259      0.051       0
      1.964      0.000      0.845      0.086      0.056       0
      1.971      0.000      0.850      0.000      0.059       0
# Z=  96  A= 242 Cm  nbeta=  105  Egs= -1823.201 MeV
      0.294      0.000      0.000      0.000      0.094      -1
      0.371      0.000      0.000      0.574      0.074       0
      0.387      0.000      0.000      1.576      0.073       0
      0.402      0.000      0.010      2.537      0.068       0
      0.418      0.000      0.021      3.255      0.062       0
      0.433      0.000      0.021      3.915      0.060       0
      0.449      0.000      0.021      4.474      0.062       0
      0.464      0.000      0.010      4.969      0.058       0
      0.480      0.000      0.010      5.306      0.061       0
      0.495      0.000      0.021      5.480      0.060       0
      0.511      0.000      0.010      5.540      0.061       0
      0.526      0.000      0.021      5.536      0.061       0
      0.542      0.000      0.010      5.416      0.062       0
      0.557      0.000      0.000      5.365      0.059       0
      0.573      0.000      0.000      5.497      0.058       0
      0.588      0.000      0.000      5.571      0.056       0
      0.604      0.000      0.000      5.590      0.055       1
      0.619      0.000      0.000      5.565      0.054       0
      0.635      0.000      0.000      5.484      0.055       0
      0.650      0.000      0.000      5.361      0.056       0
      0.665      0.000      0.000      4.800      0.058       0
      0.681      0.000      0.000      4.208      0.060       0
      0.696      0.000      0.000      3.592      0.064       0
      0.712      0.000      0.000      2.968      0.068       0
      0.727      0.000      0.000      2.354      0.072       0
      0.743      0.000      0.000      1.769      0.075       0
      0.758      0.000      0.000      1.239      0.078       0
      0.774      0.000      0.000      0.786      0.080       0
      0.789      0.000      0.000      0.418      0.080       0
      0.805      0.000      0.000      0.144      0.079       0
      0.820      0.000      0.000     -0.034      0.077       0
      0.836      0.000      0.000     -0.133      0.074       0
      0.851      0.000      0.000     -0.180      0.070       0
      0.867      0.000      0.000     -0.197      0.066       0
      0.882      0.000      0.000     -0.199      0.002       2
      0.898      0.000      0.062      0.050      0.002       0
      0.913      0.000      0.093      0.316      0.002       0
      0.929      0.000      0.135      0.783      0.002       0
      0.944      0.000      0.176      1.364      0.054       0
      0.960      0.000      0.186      1.575      0.053       0
      0.975      0.000      0.197      1.782      0.052       0
      0.990      0.000      0.207      2.054      0.052       0
      1.006      0.000      0.217      2.348      0.053       0
      1.021      0.000      0.228      2.628      0.054       0
      1.037      0.000      0.238      2.893      0.054       0
      1.052      0.000      0.248      3.142      0.055       0
      1.068      0.000      0.259      3.351      0.056       0
      1.083      0.000      0.269      3.514      0.056       0
      1.099      0.000      0.279      3.646      0.057       0
      1.114      0.000      0.290      3.768      0.057       0
      1.130      0.000      0.300      3.889      0.055       0
      1.145      0.000      0.310      3.995      0.054       0
      1.161      0.000      0.321      4.091      0.052       0
      1.176      0.000      0.331      4.182      0.051       0
      1.192      0.000      0.341      4.266      0.050       0
      1.207      0.000      0.352      4.337      0.050       0
      1.223      0.000      0.362      4.388      0.050       0
      1.238      0.000      0.373      4.414      0.050       0
      1.254      0.000      0.383      4.418      0.050       1
      1.269      0.000      0.393      4.405      0.046       0
      1.285      0.000      0.393      4.370      0.049       0
      1.300      0.000      0.404      4.311      0.050       0
      1.315      0.000      0.414      4.223      0.051       0
      1.331      0.000      0.424      4.113      0.051       0
      1.346      0.000      0.435      3.987      0.052       0
      1.362      0.000      0.445      3.855      0.052       0
      1.377      0.000      0.455      3.732      0.052       0
      1.393      0.000      0.466      3.625      0.052       0
      1.408      0.000      0.476      3.531      0.047       0
      1.424      0.000      0.476      3.444      0.050       0
      1.439      0.000      0.486      3.359      0.050       0
      1.455      0.000      0.497      3.287      0.045       0
      1.470      0.000      0.497      3.226      0.048       0
      1.486      0.000      0.507      3.164      0.047       0
      1.501      0.000      0.517      3.103      0.046       0
      1.517      0.000      0.528      3.044      0.045       0
      1.532      0.000      0.538      2.984      0.045       0
      1.548      0.000      0.548      2.921      0.044       0
      1.563      0.000      0.559      2.860      0.045       0
      1.579      0.000      0.569      2.794      0.045       0
      1.594      0.000      0.579      2.722      0.045       0
      1.610      0.000      0.590      2.644      0.045       0
      1.625      0.000      0.600      2.557      0.045       0
      1.641      0.000      0.611      2.463      0.046       0
      1.656      0.000      0.621      2.374      0.046       0
      1.671      0.000      0.631      2.290      0.046       0
      1.687      0.000      0.642      2.203      0.045       0
      1.702      0.000      0.652      2.111      0.045       0
      1.718      0.000      0.662      2.016      0.044       0
      1.733      0.000      0.673      1.922      0.044       0
      1.749      0.000      0.683      1.824      0.043       0
      1.764      0.000      0.693      1.721      0.042       0
      1.780      0.000      0.704      1.612      0.042       0
      1.795      0.000      0.714      1.496      0.042       0
      1.811      0.000      0.724      1.372      0.042       0
      1.826      0.000      0.735      1.239      0.042       0
      1.842      0.000      0.745      1.099      0.042       0
      1.857      0.000      0.755      0.968      0.042       0
      1.873      0.000      0.766      0.827      0.042       0
      1.888      0.000      0.776      0.677      0.042       0
      1.904      0.000      0.786      0.525      0.042       0
      1.919      0.000      0.797      0.372      0.042       0
      1.935      0.000      0.807      0.225      0.042       0
      1.950      0.000      0.817      0.084      0.043       0
      1.960      0.000      0.824      0.000      0.043       0
# Z=  96  A= 243 Cm  nbeta=  112  Egs= -1828.349 MeV
      0.307      0.000      0.062      0.000      0.190      -1
      0.369      0.000      0.082      0.428      0.368       0
      0.384      0.000      0.072      1.578      0.311       0
      0.400      0.000      0.062      2.779      0.217       0
      0.415      0.000      0.051      3.553      0.126       0
      0.430      0.000      0.041      4.292      0.080       0
      0.446      0.000      0.031      4.924      0.072       0
      0.461      0.000      0.021      5.504      0.070       0
      0.476      0.000      0.010      5.986      0.068       0
      0.492      0.000      0.010      6.264      0.068       0
      0.507      0.000      0.010      6.335      0.072       1
      0.523      0.000      0.021      6.314      0.070       0
      0.538      0.000      0.021      6.180      0.074       0
      0.553      0.000      0.010      5.965      0.075       0
      0.569      0.000      0.000      6.015      0.070       0
      0.584      0.000      0.000      6.011      0.065       0
      0.599      0.000      0.000      5.955      0.061       0
      0.615      0.000      0.000      6.090      0.059       0
      0.630      0.000      0.000      6.179      0.061       0
      0.646      0.000      0.000      6.219      0.064       0
      0.661      0.000      0.000      5.810      0.070       0
      0.676      0.000      0.000      5.193      0.076       0
      0.692      0.000      0.000      4.536      0.083       0
      0.707      0.000      0.000      3.861      0.093       0
      0.722      0.000      0.000      3.191      0.107       0
      0.738      0.000      0.000      2.549      0.125       0
      0.753      0.000      0.000      1.968      0.148       0
      0.769      0.000      0.000      1.469      0.170       0
      0.784      0.000      0.000      1.062      0.186       0
      0.799      0.000      0.000      0.755      0.191       0
      0.815      0.000      0.000      0.550      0.182       0
      0.830      0.000      0.000      0.427      0.162       0
      0.845      0.000      0.000      0.357      0.137       0
      0.861      0.000      0.000      0.312      0.112       0
      0.876      0.000      0.000      0.276      0.090       0
      0.891      0.000      0.000      0.261      0.002       2
      0.907      0.000      0.051      0.422      0.002       0
      0.891      0.000      0.072      0.553      0.065       0
      0.907      0.000      0.082      0.635      0.001       0
      0.922      0.000      0.103      0.862      0.002       0
      0.938      0.000      0.154      1.407      0.002       0
      0.953      0.000      0.195      1.928      0.048       0
      0.968      0.000      0.205      2.062      0.049       0
      0.984      0.000      0.216      2.164      0.052       0
      0.999      0.000      0.226      2.256      0.055       0
      1.014      0.000      0.236      2.382      0.058       0
      1.030      0.000      0.246      2.555      0.061       0
      1.045      0.000      0.257      2.792      0.064       0
      1.061      0.000      0.267      3.085      0.070       0
      1.076      0.000      0.277      3.372      0.075       0
      1.091      0.000      0.287      3.656      0.083       0
      1.107      0.000      0.298      3.946      0.087       0
      1.122      0.000      0.308      4.244      0.084       0
      1.137      0.000      0.318      4.512      0.079       0
      1.153      0.000      0.328      4.754      0.066       0
      1.168      0.000      0.339      4.938      0.059       0
      1.184      0.000      0.349      5.077      0.057       0
      1.199      0.000      0.359      5.181      0.059       0
      1.214      0.000      0.369      5.264      0.061       0
      1.230      0.000      0.380      5.329      0.062       0
      1.245      0.000      0.390      5.388      0.061       0
      1.260      0.000      0.400      5.407      0.062       1
      1.276      0.000      0.411      5.401      0.062       0
      1.291      0.000      0.421      5.347      0.063       0
      1.306      0.000      0.431      5.239      0.059       0
      1.322      0.000      0.431      5.093      0.064       0
      1.337      0.000      0.441      4.932      0.060       0
      1.353      0.000      0.441      4.773      0.067       0
      1.368      0.000      0.452      4.629      0.069       0
      1.383      0.000      0.462      4.502      0.065       0
      1.399      0.000      0.462      4.382      0.073       0
      1.414      0.000      0.472      4.258      0.074       0
      1.429      0.000      0.482      4.130      0.073       0
      1.445      0.000      0.493      3.986      0.071       0
      1.460      0.000      0.503      3.853      0.068       0
      1.476      0.000      0.513      3.745      0.065       0
      1.491      0.000      0.523      3.648      0.059       0
      1.506      0.000      0.523      3.563      0.061       0
      1.522      0.000      0.534      3.486      0.060       0
      1.537      0.000      0.544      3.415      0.059       0
      1.552      0.000      0.554      3.336      0.058       0
      1.568      0.000      0.564      3.247      0.057       0
      1.583      0.000      0.575      3.146      0.058       0
      1.599      0.000      0.585      3.030      0.059       0
      1.614      0.000      0.595      2.912      0.064       0
      1.629      0.000      0.606      2.799      0.071       0
      1.645      0.000      0.616      2.691      0.077       0
      1.660      0.000      0.626      2.585      0.077       0
      1.675      0.000      0.636      2.481      0.070       0
      1.691      0.000      0.647      2.381      0.062       0
      1.706      0.000      0.657      2.282      0.055       0
      1.721      0.000      0.667      2.197      0.053       0
      1.737      0.000      0.677      2.153      0.056       0
      1.752      0.000      0.688      2.080      0.056       0
      1.768      0.000      0.698      1.958      0.053       0
      1.783      0.000      0.708      1.836      0.052       0
      1.798      0.000      0.718      1.737      0.051       0
      1.814      0.000      0.729      1.655      0.050       0
      1.829      0.000      0.739      1.582      0.050       0
      1.844      0.000      0.749      1.507      0.051       0
      1.860      0.000      0.759      1.416      0.053       0
      1.875      0.000      0.770      1.312      0.051       0
      1.891      0.000      0.780      1.211      0.049       0
      1.906      0.000      0.790      1.116      0.048       0
      1.921      0.000      0.801      0.992      0.053       0
      1.937      0.000      0.811      0.828      0.062       0
      1.952      0.000      0.821      0.644      0.072       0
      1.967      0.000      0.831      0.497      0.076       0
      1.983      0.000      0.842      0.359      0.082       0
      1.998      0.000      0.852      0.229      0.088       0
      2.014      0.000      0.862      0.109      0.093       0
      2.029      0.000      0.872      0.000      0.093       0
# Z=  96  A= 244 Cm  nbeta=  106  Egs= -1835.309 MeV
      0.290      0.000      0.000      0.000      0.006      -1
      0.382      0.000      0.041      0.690      0.066       0
      0.397      0.000      0.041      1.632      0.065       0
      0.412      0.000      0.051      2.263      0.065       0
      0.427      0.000      0.041      2.884      0.061       0
      0.443      0.000      0.031      3.520      0.060       0
      0.458      0.000      0.020      4.155      0.057       0
      0.473      0.000      0.020      4.756      0.060       0
      0.488      0.000      0.010      5.191      0.056       0
      0.504      0.000      0.010      5.329      0.060       0
      0.519      0.000      0.020      5.393      0.056       0
      0.534      0.000      0.020      5.342      0.056       0
      0.550      0.000      0.020      5.113      0.056       0
      0.565      0.000      0.020      5.185      0.057       0
      0.580      0.000      0.010      5.187      0.053       0
      0.595      0.000      0.010      5.109      0.052       0
      0.611      0.000      0.010      5.217      0.051       0
      0.626      0.000      0.010      5.349      0.053       0
      0.641      0.000      0.000      5.408      0.050       1
      0.656      0.000      0.000      5.194      0.052       0
      0.672      0.000      0.000      4.648      0.053       0
      0.687      0.000      0.000      4.091      0.056       0
      0.702      0.000      0.000      3.523      0.059       0
      0.717      0.000      0.000      2.892      0.063       0
      0.733      0.000      0.000      2.293      0.066       0
      0.748      0.000      0.000      1.743      0.068       0
      0.763      0.000      0.000      1.257      0.069       0
      0.779      0.000      0.000      0.846      0.069       0
      0.794      0.000      0.000      0.521      0.069       0
      0.809      0.000      0.000      0.288      0.068       0
      0.824      0.000      0.000      0.130      0.066       0
      0.840      0.000      0.000      0.025      0.065       0
      0.855      0.000      0.000     -0.048      0.064       0
      0.870      0.000      0.000     -0.102      0.063       0
      0.885      0.000      0.000     -0.125      0.002       2
      0.901      0.000      0.041     -0.002      0.002       0
      0.916      0.000      0.092      0.422      0.002       0
      0.931      0.000      0.132      0.893      0.002       0
      0.946      0.000      0.163      1.309      0.062       0
      0.962      0.000      0.173      1.471      0.059       0
      0.977      0.000      0.183      1.622      0.056       0
      0.992      0.000      0.193      1.737      0.002       0
      1.008      0.000      0.214      1.938      0.002       0
      1.023      0.000      0.234      2.185      0.001       0
      1.038      0.000      0.254      2.398      0.055       0
      1.053      0.000      0.265      2.582      0.056       0
      1.069      0.000      0.275      2.810      0.056       0
      1.084      0.000      0.285      3.052      0.056       0
      1.099      0.000      0.295      3.287      0.055       0
      1.114      0.000      0.305      3.500      0.055       0
      1.130      0.000      0.316      3.697      0.054       0
      1.145      0.000      0.326      3.889      0.053       0
      1.160      0.000      0.336      4.080      0.052       0
      1.175      0.000      0.346      4.278      0.052       0
      1.191      0.000      0.356      4.462      0.052       0
      1.206      0.000      0.366      4.635      0.051       0
      1.221      0.000      0.377      4.779      0.051       0
      1.237      0.000      0.387      4.887      0.050       0
      1.252      0.000      0.397      4.954      0.050       0
      1.267      0.000      0.407      4.981      0.049       1
      1.282      0.000      0.417      4.965      0.045       0
      1.298      0.000      0.417      4.912      0.049       0
      1.313      0.000      0.428      4.825      0.049       0
      1.328      0.000      0.438      4.712      0.045       0
      1.343      0.000      0.438      4.566      0.050       0
      1.359      0.000      0.448      4.398      0.047       0
      1.374      0.000      0.448      4.215      0.051       0
      1.389      0.000      0.458      4.024      0.052       0
      1.404      0.000      0.468      3.826      0.049       0
      1.420      0.000      0.468      3.640      0.053       0
      1.435      0.000      0.478      3.457      0.049       0
      1.450      0.000      0.478      3.289      0.052       0
      1.465      0.000      0.489      3.128      0.052       0
      1.481      0.000      0.499      2.983      0.052       0
      1.496      0.000      0.509      2.839      0.051       0
      1.511      0.000      0.519      2.689      0.050       0
      1.527      0.000      0.529      2.549      0.049       0
      1.542      0.000      0.539      2.430      0.049       0
      1.557      0.000      0.550      2.325      0.048       0
      1.572      0.000      0.560      2.214      0.048       0
      1.588      0.000      0.570      2.090      0.047       0
      1.603      0.000      0.580      1.974      0.047       0
      1.618      0.000      0.590      1.881      0.047       0
      1.633      0.000      0.601      1.776      0.047       0
      1.649      0.000      0.611      1.669      0.048       0
      1.664      0.000      0.621      1.570      0.048       0
      1.679      0.000      0.631      1.482      0.048       0
      1.694      0.000      0.641      1.396      0.048       0
      1.710      0.000      0.651      1.308      0.047       0
      1.725      0.000      0.662      1.217      0.047       0
      1.740      0.000      0.672      1.132      0.046       0
      1.756      0.000      0.682      1.053      0.045       0
      1.771      0.000      0.692      0.983      0.045       0
      1.786      0.000      0.702      0.921      0.044       0
      1.801      0.000      0.713      0.860      0.044       0
      1.817      0.000      0.723      0.769      0.044       0
      1.832      0.000      0.733      0.686      0.043       0
      1.847      0.000      0.743      0.614      0.043       0
      1.862      0.000      0.753      0.544      0.043       0
      1.878      0.000      0.763      0.471      0.043       0
      1.893      0.000      0.774      0.390      0.043       0
      1.908      0.000      0.784      0.298      0.043       0
      1.923      0.000      0.794      0.202      0.043       0
      1.939      0.000      0.804      0.108      0.043       0
      1.954      0.000      0.814      0.024      0.043       0
      1.958      0.000      0.817      0.000      0.043       0
# Z=  96  A= 245 Cm  nbeta=  111  Egs= -1839.340 MeV
      0.303      0.000      0.000      0.000      0.202      -1
      0.379      0.000      0.000      0.330      0.224       0
      0.394      0.000      0.000      1.137      0.178       0
      0.409      0.000      0.000      1.843      0.127       0
      0.425      0.000      0.000      2.542      0.084       0
      0.440      0.000      0.000      3.345      0.066       0
      0.455      0.000      0.010      4.073      0.058       0
      0.470      0.000      0.010      4.677      0.065       0
      0.485      0.000      0.020      5.127      0.068       0
      0.500      0.000      0.020      5.334      0.069       0
      0.516      0.000      0.020      5.591      0.070       0
      0.531      0.000      0.020      5.671      0.072       1
      0.546      0.000      0.010      5.539      0.065       0
      0.561      0.000      0.010      5.557      0.062       0
      0.576      0.000      0.010      5.561      0.062       0
      0.591      0.000      0.000      5.465      0.058       0
      0.606      0.000      0.010      5.402      0.060       0
      0.622      0.000      0.000      5.499      0.057       0
      0.637      0.000      0.000      5.551      0.061       0
      0.652      0.000      0.000      5.516      0.066       0
      0.667      0.000      0.000      5.081      0.068       0
      0.682      0.000      0.000      4.629      0.066       0
      0.697      0.000      0.000      4.168      0.065       0
      0.713      0.000      0.000      3.558      0.071       0
      0.728      0.000      0.000      2.930      0.089       0
      0.743      0.000      0.000      2.332      0.123       0
      0.758      0.000      0.000      1.781      0.162       0
      0.773      0.000      0.000      1.295      0.195       0
      0.788      0.000      0.000      0.890      0.207       0
      0.804      0.000      0.000      0.578      0.191       0
      0.819      0.000      0.000      0.346      0.155       0
      0.834      0.000      0.000      0.178      0.114       0
      0.849      0.000      0.000      0.054      0.081       0
      0.864      0.000      0.000     -0.030      0.068       0
      0.879      0.000      0.000     -0.063      0.070       2
      0.895      0.000      0.010      0.006      0.076       0
      0.910      0.000      0.020      0.111      0.083       0
      0.925      0.000      0.030      0.258      0.086       0
      0.940      0.000      0.040      0.420      0.084       0
      0.955      0.000      0.040      0.578      0.082       0
      0.970      0.000      0.050      0.724      0.077       0
      0.986      0.000      0.061      0.799      0.070       0
      1.001      0.000      0.071      0.843      0.001       0
      1.016      0.000      0.101      0.957      0.054       0
      1.031      0.000      0.111      0.982      0.001       0
      1.046      0.000      0.252      1.902      0.001       0
      1.061      0.000      0.283      2.240      0.052       0
      1.076      0.000      0.293      2.420      0.052       0
      1.092      0.000      0.303      2.652      0.053       0
      1.107      0.000      0.313      2.926      0.055       0
      1.122      0.000      0.323      3.251      0.060       0
      1.137      0.000      0.333      3.592      0.063       0
      1.152      0.000      0.343      3.934      0.066       0
      1.167      0.000      0.353      4.258      0.065       0
      1.183      0.000      0.363      4.565      0.063       0
      1.198      0.000      0.374      4.837      0.057       0
      1.213      0.000      0.374      5.077      0.059       0
      1.228      0.000      0.384      5.271      0.058       0
      1.243      0.000      0.394      5.414      0.054       0
      1.258      0.000      0.394      5.497      0.057       0
      1.274      0.000      0.404      5.519      0.057       1
      1.289      0.000      0.414      5.483      0.056       0
      1.304      0.000      0.424      5.402      0.051       0
      1.319      0.000      0.424      5.278      0.051       0
      1.334      0.000      0.424      5.122      0.056       0
      1.349      0.000      0.434      4.939      0.054       0
      1.365      0.000      0.434      4.735      0.061       0
      1.380      0.000      0.444      4.523      0.065       0
      1.395      0.000      0.454      4.304      0.068       0
      1.410      0.000      0.464      4.068      0.070       0
      1.425      0.000      0.475      3.818      0.074       0
      1.440      0.000      0.485      3.561      0.079       0
      1.456      0.000      0.495      3.324      0.076       0
      1.471      0.000      0.495      3.114      0.076       0
      1.486      0.000      0.495      2.926      0.082       0
      1.501      0.000      0.505      2.742      0.082       0
      1.516      0.000      0.515      2.548      0.080       0
      1.531      0.000      0.525      2.377      0.077       0
      1.547      0.000      0.535      2.228      0.074       0
      1.562      0.000      0.545      2.092      0.072       0
      1.577      0.000      0.555      1.961      0.069       0
      1.592      0.000      0.565      1.829      0.067       0
      1.607      0.000      0.575      1.708      0.066       0
      1.622      0.000      0.586      1.598      0.065       0
      1.637      0.000      0.596      1.500      0.065       0
      1.653      0.000      0.606      1.416      0.066       0
      1.668      0.000      0.616      1.335      0.067       0
      1.683      0.000      0.626      1.252      0.068       0
      1.698      0.000      0.636      1.158      0.067       0
      1.713      0.000      0.646      1.050      0.064       0
      1.728      0.000      0.656      0.952      0.061       0
      1.744      0.000      0.666      0.861      0.058       0
      1.759      0.000      0.676      0.777      0.056       0
      1.774      0.000      0.687      0.703      0.055       0
      1.789      0.000      0.697      0.662      0.001       0
      1.804      0.000      0.727      0.599      0.054       0
      1.819      0.000      0.737      0.565      0.053       0
      1.835      0.000      0.747      0.530      0.049       0
      1.850      0.000      0.747      0.505      0.047       0
      1.865      0.000      0.737      0.504      0.051       0
      1.880      0.000      0.737      0.518      0.058       0
      1.895      0.000      0.747      0.514      0.064       0
      1.910      0.000      0.757      0.504      0.072       0
      1.926      0.000      0.767      0.481      0.078       0
      1.941      0.000      0.777      0.432      0.078       0
      1.956      0.000      0.787      0.367      0.068       0
      1.971      0.000      0.798      0.285      0.067       0
      1.986      0.000      0.808      0.175      0.081       0
      2.001      0.000      0.818      0.075      0.087       0
      2.017      0.000      0.828      0.011      0.077       0
      2.019      0.000      0.829      0.000      0.077       0
# Z=  96  A= 246 Cm  nbeta=  109  Egs= -1846.292 MeV
      0.301      0.000      0.000      0.000      0.070      -1
      0.376      0.000      0.040      0.584      0.068       0
      0.392      0.000      0.050      1.299      0.067       0
      0.407      0.000      0.060      1.916      0.067       0
      0.422      0.000      0.050      2.418      0.065       0
      0.437      0.000      0.040      3.032      0.064       0
      0.452      0.000      0.030      3.639      0.063       0
      0.467      0.000      0.020      4.089      0.060       0
      0.482      0.000      0.020      4.512      0.061       0
      0.497      0.000      0.010      4.834      0.060       0
      0.512      0.000      0.020      5.176      0.058       0
      0.527      0.000      0.010      5.366      0.057       1
      0.542      0.000      0.000      5.334      0.055       0
      0.557      0.000      0.010      5.278      0.051       0
      0.572      0.000      0.010      5.283      0.053       0
      0.587      0.000      0.000      5.179      0.050       0
      0.602      0.000      0.000      5.034      0.049       0
      0.617      0.000      0.000      5.162      0.048       0
      0.632      0.000      0.000      5.244      0.048       0
      0.648      0.000      0.000      5.286      0.048       0
      0.663      0.000      0.000      5.030      0.048       0
      0.678      0.000      0.000      4.696      0.049       0
      0.693      0.000      0.000      4.345      0.050       0
      0.708      0.000      0.000      3.840      0.051       0
      0.723      0.000      0.000      3.202      0.054       0
      0.738      0.000      0.000      2.607      0.057       0
      0.753      0.000      0.000      2.091      0.061       0
      0.768      0.000      0.000      1.656      0.064       0
      0.783      0.000      0.000      1.306      0.066       0
      0.798      0.000      0.000      1.038      0.066       0
      0.813      0.000      0.000      0.833      0.066       0
      0.828      0.000      0.000      0.664      0.064       0
      0.843      0.000      0.000      0.507      0.063       0
      0.858      0.000      0.000      0.377      0.062       0
      0.873      0.000      0.000      0.307      0.061       0
      0.888      0.000      0.000      0.299      0.002       2
      0.904      0.000      0.080      0.811      0.002       0
      0.919      0.000      0.100      1.086      0.064       0
      0.934      0.000      0.110      1.277      0.064       0
      0.949      0.000      0.120      1.448      0.064       0
      0.964      0.000      0.130      1.589      0.063       0
      0.979      0.000      0.140      1.692      0.001       0
      0.994      0.000      0.160      1.880      0.063       0
      1.009      0.000      0.170      1.985      0.063       0
      1.024      0.000      0.180      2.069      0.001       0
      1.039      0.000      0.210      2.318      0.001       0
      1.054      0.000      0.240      2.585      0.001       0
      1.069      0.000      0.280      2.956      0.054       0
      1.084      0.000      0.290      3.058      0.051       0
      1.099      0.000      0.300      3.248      0.051       0
      1.114      0.000      0.310      3.468      0.051       0
      1.129      0.000      0.320      3.699      0.052       0
      1.145      0.000      0.330      3.944      0.053       0
      1.160      0.000      0.340      4.213      0.053       0
      1.175      0.000      0.350      4.489      0.053       0
      1.190      0.000      0.361      4.752      0.052       0
      1.205      0.000      0.371      4.991      0.052       0
      1.220      0.000      0.381      5.197      0.051       0
      1.235      0.000      0.391      5.365      0.050       0
      1.250      0.000      0.401      5.497      0.046       0
      1.265      0.000      0.401      5.592      0.049       0
      1.280      0.000      0.411      5.635      0.048       1
      1.295      0.000      0.421      5.621      0.044       0
      1.310      0.000      0.421      5.552      0.048       0
      1.325      0.000      0.431      5.434      0.044       0
      1.340      0.000      0.431      5.268      0.044       0
      1.355      0.000      0.431      5.067      0.048       0
      1.370      0.000      0.441      4.831      0.048       0
      1.385      0.000      0.451      4.571      0.045       0
      1.401      0.000      0.451      4.306      0.049       0
      1.416      0.000      0.461      4.042      0.050       0
      1.431      0.000      0.471      3.775      0.051       0
      1.446      0.000      0.481      3.496      0.048       0
      1.461      0.000      0.481      3.222      0.049       0
      1.476      0.000      0.481      2.979      0.053       0
      1.491      0.000      0.491      2.763      0.053       0
      1.506      0.000      0.501      2.534      0.054       0
      1.521      0.000      0.511      2.315      0.054       0
      1.536      0.000      0.521      2.118      0.054       0
      1.551      0.000      0.531      1.950      0.054       0
      1.566      0.000      0.541      1.795      0.053       0
      1.581      0.000      0.551      1.644      0.052       0
      1.596      0.000      0.561      1.492      0.051       0
      1.611      0.000      0.571      1.369      0.051       0
      1.626      0.000      0.581      1.269      0.050       0
      1.641      0.000      0.591      1.183      0.050       0
      1.657      0.000      0.601      1.079      0.050       0
      1.672      0.000      0.611      0.991      0.049       0
      1.687      0.000      0.621      0.912      0.049       0
      1.702      0.000      0.631      0.826      0.049       0
      1.717      0.000      0.641      0.734      0.048       0
      1.732      0.000      0.651      0.647      0.048       0
      1.747      0.000      0.661      0.572      0.048       0
      1.762      0.000      0.671      0.507      0.048       0
      1.777      0.000      0.681      0.451      0.048       0
      1.792      0.000      0.691      0.386      0.048       0
      1.807      0.000      0.701      0.336      0.047       0
      1.822      0.000      0.711      0.297      0.001       0
      1.837      0.000      0.731      0.240      0.046       0
      1.852      0.000      0.741      0.211      0.046       0
      1.867      0.000      0.751      0.186      0.045       0
      1.882      0.000      0.761      0.162      0.001       0
      1.897      0.000      0.781      0.119      0.044       0
      1.913      0.000      0.791      0.097      0.044       0
      1.928      0.000      0.801      0.076      0.044       0
      1.943      0.000      0.811      0.059      0.043       0
      1.958      0.000      0.821      0.046      0.043       0
      1.973      0.000      0.831      0.018      0.042       0
      1.980      0.000      0.836      0.000      0.042       0
# Z=  96  A= 247 Cm  nbeta=  117  Egs= -1850.562 MeV
      0.299      0.000      0.000      0.000      0.005      -1
      0.359      0.000      0.060      0.284      0.106       0
      0.374      0.000      0.070      0.911      0.059       0
      0.389      0.000      0.079      1.477      0.054       0
      0.404      0.000      0.089      1.975      0.078       0
      0.419      0.000      0.079      2.392      0.091       0
      0.434      0.000      0.070      2.883      0.096       0
      0.449      0.000      0.060      3.460      0.091       0
      0.464      0.000      0.050      3.918      0.093       0
      0.479      0.000      0.040      4.458      0.090       0
      0.494      0.000      0.030      5.016      0.082       0
      0.509      0.000      0.020      5.481      0.075       0
      0.524      0.000      0.010      5.829      0.065       0
      0.538      0.000      0.010      5.934      0.060       1
      0.553      0.000      0.010      5.722      0.061       0
      0.568      0.000      0.020      5.700      0.061       0
      0.583      0.000      0.030      5.553      0.063       0
      0.598      0.000      0.020      5.219      0.003       0
      0.613      0.000      0.000      5.207      0.058       0
      0.628      0.000      0.000      5.254      0.057       0
      0.643      0.000      0.000      5.284      0.056       0
      0.658      0.000      0.000      5.186      0.054       0
      0.673      0.000      0.000      4.983      0.053       0
      0.688      0.000      0.000      4.770      0.052       0
      0.703      0.000      0.000      4.472      0.053       0
      0.718      0.000      0.000      3.860      0.058       0
      0.733      0.000      0.000      3.248      0.065       0
      0.748      0.000      0.000      2.663      0.074       0
      0.763      0.000      0.000      2.132      0.082       0
      0.778      0.000      0.000      1.685      0.088       0
      0.793      0.000      0.000      1.339      0.090       0
      0.808      0.000      0.000      1.081      0.089       0
      0.823      0.000      0.000      0.886      0.086       0
      0.838      0.000      0.000      0.730      0.083       0
      0.853      0.000      0.000      0.604      0.080       0
      0.868      0.000      0.000      0.521      0.076       0
      0.883      0.000      0.000      0.488      0.002       2
      0.897      0.000      0.060      0.811      0.002       0
      0.912      0.000      0.099      1.296      0.076       0
      0.927      0.000      0.109      1.487      0.075       0
      0.942      0.000      0.119      1.686      0.073       0
      0.957      0.000      0.129      1.823      0.075       0
      0.972      0.000      0.139      1.918      0.081       0
      0.987      0.000      0.149      2.000      0.087       0
      1.002      0.000      0.159      2.087      0.091       0
      1.017      0.000      0.169      2.176      0.001       0
      1.032      0.000      0.199      2.454      0.001       0
      1.047      0.000      0.238      2.849      0.001       0
      1.062      0.000      0.258      3.060      0.001       0
      1.077      0.000      0.278      3.264      0.063       0
      1.092      0.000      0.288      3.384      0.062       0
      1.107      0.000      0.298      3.556      0.063       0
      1.122      0.000      0.308      3.694      0.062       0
      1.137      0.000      0.318      3.903      0.062       0
      1.152      0.000      0.328      4.178      0.062       0
      1.167      0.000      0.338      4.460      0.060       0
      1.182      0.000      0.348      4.748      0.059       0
      1.197      0.000      0.358      5.046      0.058       0
      1.212      0.000      0.368      5.339      0.058       0
      1.227      0.000      0.377      5.603      0.056       0
      1.241      0.000      0.387      5.823      0.055       0
      1.256      0.000      0.397      5.983      0.053       0
      1.271      0.000      0.407      6.066      0.053       0
      1.286      0.000      0.417      6.073      0.054       1
      1.301      0.000      0.427      6.021      0.050       0
      1.316      0.000      0.427      5.911      0.052       0
      1.331      0.000      0.427      5.753      0.053       0
      1.346      0.000      0.427      5.560      0.058       0
      1.361      0.000      0.437      5.319      0.059       0
      1.376      0.000      0.447      5.030      0.059       0
      1.391      0.000      0.457      4.727      0.056       0
      1.406      0.000      0.457      4.414      0.058       0
      1.421      0.000      0.457      4.083      0.063       0
      1.436      0.000      0.467      3.747      0.066       0
      1.451      0.000      0.477      3.413      0.064       0
      1.466      0.000      0.477      3.081      0.070       0
      1.481      0.000      0.487      2.756      0.072       0
      1.496      0.000      0.497      2.446      0.073       0
      1.511      0.000      0.507      2.157      0.068       0
      1.526      0.000      0.507      1.888      0.073       0
      1.541      0.000      0.517      1.649      0.068       0
      1.556      0.000      0.517      1.433      0.071       0
      1.571      0.000      0.526      1.239      0.068       0
      1.586      0.000      0.536      1.070      0.066       0
      1.600      0.000      0.546      0.915      0.064       0
      1.615      0.000      0.546      0.789      0.068       0
      1.630      0.000      0.556      0.699      0.069       0
      1.645      0.000      0.556      0.633      0.077       0
      1.660      0.000      0.566      0.592      0.083       0
      1.675      0.000      0.576      0.561      0.083       0
      1.690      0.000      0.586      0.535      0.077       0
      1.705      0.000      0.596      0.461      0.067       0
      1.720      0.000      0.606      0.397      0.060       0
      1.735      0.000      0.616      0.345      0.001       0
      1.750      0.000      0.646      0.226      0.001       0
      1.765      0.000      0.675      0.140      0.064       0
      1.780      0.000      0.685      0.116      0.063       0
      1.795      0.000      0.695      0.065      0.001       0
      1.810      0.000      0.725      0.040      0.074       0
      1.825      0.000      0.735      0.027      0.082       0
      1.840      0.000      0.745     -0.017      0.001       0
      1.855      0.000      0.775     -0.031      0.063       2
      1.870      0.000      0.785     -0.027      0.063       0
      1.885      0.000      0.795     -0.021      0.056       0
      1.900      0.000      0.795     -0.007      0.059       0
      1.915      0.000      0.805      0.014      0.057       0
      1.930      0.000      0.815      0.046      0.055       0
      1.945      0.000      0.824      0.071      0.054       0
      1.959      0.000      0.834      0.084      0.054       0
      1.974      0.000      0.844      0.108      0.053       0
      1.989      0.000      0.854      0.129      0.047       0
      2.004      0.000      0.854      0.146      0.051       0
      2.019      0.000      0.864      0.181      0.050       0
      2.034      0.000      0.874      0.181      0.049       1
      2.049      0.000      0.884      0.129      0.049       0
      2.064      0.000      0.894      0.054      0.048       0
      2.073      0.000      0.900      0.000      0.045       0
# Z=  96  A= 248 Cm  nbeta=   95  Egs= -1857.484 MeV
      0.297      0.000      0.000      0.000      0.005      -1
      0.327      0.000      0.158      0.180      0.084       0
      0.342      0.000      0.168      0.576      0.083       0
      0.357      0.000      0.177      0.845      0.083       0
      0.371      0.000      0.187      1.164      0.082       0
      0.386      0.000      0.197      1.497      0.080       0
      0.401      0.000      0.207      1.760      0.073       0
      0.416      0.000      0.197      1.971      0.071       0
      0.431      0.000      0.187      2.307      0.070       0
      0.446      0.000      0.177      2.770      0.069       0
      0.461      0.000      0.168      3.085      0.068       0
      0.475      0.000      0.158      3.357      0.066       0
      0.490      0.000      0.148      3.762      0.065       0
      0.505      0.000      0.138      4.230      0.064       0
      0.520      0.000      0.128      4.609      0.063       0
      0.535      0.000      0.118      4.866      0.062       0
      0.550      0.000      0.108      4.908      0.003       0
      0.565      0.000      0.010      4.991      0.054       1
      0.579      0.000      0.010      4.908      0.051       0
      0.594      0.000      0.010      4.715      0.049       0
      0.609      0.000      0.010      4.693      0.047       0
      0.624      0.000      0.010      4.811      0.048       0
      0.639      0.000      0.000      4.840      0.046       0
      0.654      0.000      0.000      4.794      0.047       0
      0.669      0.000      0.000      4.681      0.049       0
      0.683      0.000      0.000      4.540      0.052       0
      0.698      0.000      0.000      4.387      0.056       0
      0.713      0.000      0.000      3.796      0.060       0
      0.728      0.000      0.000      3.192      0.063       0
      0.743      0.000      0.000      2.662      0.066       0
      0.758      0.000      0.000      2.209      0.069       0
      0.773      0.000      0.000      1.834      0.070       0
      0.787      0.000      0.000      1.534      0.069       0
      0.802      0.000      0.000      1.291      0.068       0
      0.817      0.000      0.000      1.085      0.067       0
      0.832      0.000      0.000      0.893      0.065       0
      0.847      0.000      0.000      0.722      0.064       0
      0.862      0.000      0.000      0.600      0.063       0
      0.877      0.000      0.000      0.536      0.064       2
      0.891      0.000      0.010      0.578      0.002       0
      0.906      0.000      0.099      1.391      0.064       0
      0.921      0.000      0.108      1.561      0.063       0
      0.936      0.000      0.118      1.727      0.062       0
      0.951      0.000      0.128      1.878      0.060       0
      0.966      0.000      0.138      2.016      0.001       0
      0.981      0.000      0.158      2.267      0.060       0
      0.995      0.000      0.168      2.380      0.060       0
      1.010      0.000      0.177      2.479      0.060       0
      1.025      0.000      0.187      2.561      0.001       0
      1.040      0.000      0.207      2.749      0.058       0
      1.055      0.000      0.217      2.846      0.001       0
      1.070      0.000      0.236      3.028      0.001       0
      1.085      0.000      0.256      3.191      0.001       0
      1.099      0.000      0.286      3.454      0.001       0
      1.114      0.000      0.315      3.736      0.055       0
      1.129      0.000      0.325      3.831      0.055       0
      1.144      0.000      0.335      4.026      0.055       0
      1.159      0.000      0.345      4.256      0.054       0
      1.174      0.000      0.355      4.487      0.053       0
      1.189      0.000      0.365      4.719      0.053       0
      1.203      0.000      0.374      4.957      0.052       0
      1.218      0.000      0.384      5.176      0.051       0
      1.233      0.000      0.394      5.383      0.050       0
      1.248      0.000      0.404      5.537      0.046       0
      1.263      0.000      0.404      5.644      0.049       0
      1.278      0.000      0.414      5.705      0.048       0
      1.293      0.000      0.424      5.732      0.043       1
      1.307      0.000      0.414      5.730      0.047       0
      1.322      0.000      0.424      5.648      0.047       0
      1.337      0.000      0.434      5.511      0.043       0
      1.352      0.000      0.434      5.313      0.047       0
      1.367      0.000      0.443      5.064      0.043       0
      1.382      0.000      0.443      4.777      0.044       0
      1.397      0.000      0.443      4.472      0.044       0
      1.411      0.000      0.443      4.160      0.048       0
      1.426      0.000      0.453      3.834      0.049       0
      1.441      0.000      0.463      3.497      0.051       0
      1.456      0.000      0.473      3.164      0.053       0
      1.471      0.000      0.483      2.835      0.055       0
      1.486      0.000      0.493      2.509      0.053       0
      1.501      0.000      0.493      2.218      0.058       0
      1.515      0.000      0.503      1.952      0.059       0
      1.530      0.000      0.512      1.689      0.060       0
      1.545      0.000      0.522      1.427      0.057       0
      1.560      0.000      0.522      1.207      0.062       0
      1.575      0.000      0.532      1.031      0.062       0
      1.590      0.000      0.542      0.857      0.061       0
      1.605      0.000      0.552      0.708      0.060       0
      1.619      0.000      0.562      0.586      0.053       0
      1.634      0.000      0.562      0.478      0.057       0
      1.649      0.000      0.571      0.372      0.054       0
      1.664      0.000      0.581      0.264      0.052       0
      1.679      0.000      0.591      0.167      0.050       0
      1.694      0.000      0.601      0.076      0.049       0
      1.707      0.000      0.610      0.000      0.048       0
# Z=  96  A= 249 Cm  nbeta=  102  Egs= -1861.706 MeV
      0.280      0.000      0.000      0.000      0.078      -1
      0.354      0.000      0.137      0.452      0.111       0
      0.369      0.000      0.147      0.911      0.099       0
      0.384      0.000      0.156      1.297      0.095       0
      0.398      0.000      0.166      1.596      0.093       0
      0.413      0.000      0.156      1.973      0.093       0
      0.428      0.000      0.147      2.359      0.094       0
      0.443      0.000      0.137      2.752      0.098       0
      0.458      0.000      0.127      3.025      0.101       0
      0.472      0.000      0.117      3.225      0.102       0
      0.487      0.000      0.108      3.560      0.103       0
      0.502      0.000      0.098      3.984      0.102       0
      0.517      0.000      0.088      4.347      0.095       0
      0.531      0.000      0.078      4.571      0.087       0
      0.546      0.000      0.068      4.578      0.003       0
      0.561      0.000      0.020      4.789      0.071       0
      0.576      0.000      0.020      4.940      0.067       1
      0.590      0.000      0.010      4.867      0.061       0
      0.605      0.000      0.000      4.739      0.054       0
      0.620      0.000      0.000      4.782      0.053       0
      0.635      0.000      0.000      4.717      0.054       0
      0.649      0.000      0.000      4.590      0.056       0
      0.664      0.000      0.000      4.571      0.059       0
      0.679      0.000      0.000      4.549      0.063       0
      0.694      0.000      0.000      4.522      0.069       0
      0.708      0.000      0.000      4.158      0.077       0
      0.723      0.000      0.000      3.553      0.086       0
      0.738      0.000      0.000      2.989      0.094       0
      0.753      0.000      0.000      2.483      0.099       0
      0.767      0.000      0.000      2.053      0.102       0
      0.782      0.000      0.000      1.708      0.101       0
      0.797      0.000      0.000      1.431      0.097       0
      0.812      0.000      0.000      1.198      0.092       0
      0.826      0.000      0.000      0.986      0.088       0
      0.841      0.000      0.000      0.786      0.085       0
      0.856      0.000      0.000      0.619      0.083       0
      0.871      0.000      0.000      0.502      0.082       0
      0.885      0.000      0.000      0.452      0.080       2
      0.900      0.000      0.000      0.479      0.077       0
      0.915      0.000      0.000      0.567      0.073       0
      0.930      0.000      0.000      0.697      0.069       0
      0.945      0.000      0.000      0.845      0.066       0
      0.959      0.000      0.000      0.998      0.065       0
      0.974      0.000      0.000      1.154      0.065       0
      0.989      0.000      0.000      1.312      0.066       0
      1.004      0.000      0.000      1.472      0.066       0
      1.018      0.000      0.000      1.634      0.065       0
      1.033      0.000      0.010      1.801      0.063       0
      1.048      0.000      0.020      1.968      0.061       0
      1.063      0.000      0.029      2.132      0.060       0
      1.077      0.000      0.039      2.298      0.059       0
      1.092      0.000      0.039      2.485      0.062       0
      1.107      0.000      0.029      2.723      0.062       0
      1.122      0.000      0.029      3.050      0.065       0
      1.136      0.000      0.039      3.504      0.063       0
      1.151      0.000      0.039      3.994      0.062       0
      1.166      0.000      0.029      4.447      0.062       0
      1.181      0.000      0.039      4.843      0.061       0
      1.195      0.000      0.049      5.105      0.060       0
      1.210      0.000      0.059      5.219      0.059       0
      1.225      0.000      0.068      5.220      0.056       0
      1.240      0.000      0.068      5.201      0.058       0
      1.254      0.000      0.078      5.225      0.057       0
      1.269      0.000      0.078      5.290      0.061       0
      1.284      0.000      0.088      5.398      0.062       0
      1.299      0.000      0.098      5.503      0.059       0
      1.313      0.000      0.108      5.580      0.057       0
      1.328      0.000      0.117      5.620      0.057       0
      1.343      0.000      0.127      5.625      0.056       0
      1.358      0.000      0.127      5.650      0.059       0
      1.373      0.000      0.137      5.675      0.057       0
      1.387      0.000      0.147      5.699      0.055       0
      1.402      0.000      0.156      5.706      0.001       0
      1.417      0.000      0.176      5.707      0.055       0
      1.432      0.000      0.186      5.713      0.055       1
      1.446      0.000      0.195      5.687      0.055       0
      1.461      0.000      0.205      5.646      0.056       0
      1.476      0.000      0.215      5.592      0.057       0
      1.491      0.000      0.225      5.521      0.055       0
      1.505      0.000      0.235      5.400      0.051       0
      1.520      0.000      0.244      5.291      0.049       0
      1.535      0.000      0.254      5.199      0.001       0
      1.550      0.000      0.283      4.923      0.050       0
      1.564      0.000      0.293      4.783      0.052       0
      1.579      0.000      0.303      4.580      0.056       0
      1.594      0.000      0.313      4.289      0.063       0
      1.609      0.000      0.323      3.932      0.077       0
      1.623      0.000      0.332      3.561      0.091       0
      1.638      0.000      0.342      3.191      0.097       0
      1.653      0.000      0.352      2.835      0.086       0
      1.668      0.000      0.362      2.561      0.059       0
      1.682      0.000      0.371      2.388      0.040       0
      1.697      0.000      0.381      2.183      0.082       0
      1.712      0.000      0.391      1.995      0.103       0
      1.697      0.000      0.401      1.813      0.102       0
      1.682      0.000      0.411      1.621      0.144       0
      1.697      0.000      0.420      1.451      0.143       0
      1.682      0.000      0.430      1.284      0.483       0
      1.668      0.000      0.440      1.053      0.618       0
      1.653      0.000      0.450      0.716      0.381       0
      1.638      0.000      0.459      0.409      0.001       0
      1.653      0.000      0.489      0.000      0.001       0
