<POTENTI.>      1.01      1.00000000D+01    232.04    0   13
        REAL VOLUME/SCALAR POTENTIAL *** 1 ***         1
   0.12500        3.944593D+01   0.25000        3.944586D+01         1
   0.37500        3.944577D+01   0.50000        3.944567D+01         1
   0.62500        3.944554D+01   0.75000        3.944539D+01         1
   0.87500        3.944520D+01   1.00000        3.944498D+01         1
   1.12500        3.944471D+01   1.25000        3.944438D+01         1
   1.37500        3.944398D+01   1.50000        3.944350D+01         1
   1.62500        3.944291D+01   1.75000        3.944220D+01         1
   1.87500        3.944134D+01   2.00000        3.944030D+01         1
   2.12500        3.943903D+01   2.25000        3.943750D+01         1
   2.37500        3.943564D+01   2.50000        3.943339D+01         1
   2.62500        3.943067D+01   2.75000        3.942736D+01         1
   2.87500        3.942336D+01   3.00000        3.941851D+01         1
   3.12500        3.941263D+01   3.25000        3.940550D+01         1
   3.37500        3.939687D+01   3.50000        3.938641D+01         1
   3.62500        3.937374D+01   3.75000        3.935840D+01         1
   3.87500        3.933982D+01   4.00000        3.931733D+01         1
   4.12500        3.929010D+01   4.25000        3.925714D+01         1
   4.37500        3.921727D+01   4.50000        3.916906D+01         1
   4.62500        3.911078D+01   4.75000        3.904037D+01         1
   4.87500        3.895538D+01   5.00000        3.885286D+01         1
   5.12500        3.872932D+01   5.25000        3.858063D+01         1
   5.37500        3.840194D+01   5.50000        3.818756D+01         1
   5.62500        3.793092D+01   5.75000        3.762444D+01         1
   5.87500        3.725955D+01   6.00000        3.682667D+01         1
   6.12500        3.631529D+01   6.25000        3.571420D+01         1
   6.37500        3.501180D+01   6.50000        3.419664D+01         1
   6.62500        3.325812D+01   6.75000        3.218743D+01         1
   6.87500        3.097864D+01   7.00000        2.962996D+01         1
   7.12500        2.814482D+01   7.25000        2.653292D+01         1
   7.37500        2.481067D+01   7.50000        2.300110D+01         1
   7.62500        2.113292D+01   7.75000        1.923898D+01         1
   7.87500        1.735392D+01   8.00000        1.551178D+01         1
   8.12500        1.374354D+01   8.25000        1.207517D+01         1
   8.37500        1.052639D+01   8.50000        9.110139D+00         1
   8.62500        7.832826D+00   8.75000        6.695077D+00         1
   8.87500        5.692832D+00   9.00000        4.818547D+00         1
   9.12500        4.062372D+00   9.25000        3.413167D+00         1
   9.37500        2.859327D+00   9.50000        2.389397D+00         1
   9.62500        1.992494D+00   9.75000        1.658569D+00         1
   9.87500        1.378548D+00  10.00000        1.144372D+00         1
  10.12500        9.489837D-01  10.25000        7.862711D-01         1
  10.37500        6.509854D-01  10.50000        5.386526D-01         1
  10.62500        4.454812D-01  10.75000        3.682732D-01         1
  10.87500        3.043420D-01  11.00000        2.514376D-01         1
  11.12500        2.076810D-01  11.25000        1.715058D-01         1
  11.37500        1.416090D-01  11.50000        1.169084D-01         1
  11.62500        9.650565D-02  11.75000        7.965637D-02         1
  11.87500        6.574395D-02  12.00000        5.425806D-02         1
  12.12500        4.477655D-02  12.25000        3.695036D-02         1
  12.37500        3.049100D-02  12.50000        2.516009D-02         1
  12.62500        2.076073D-02  12.75000        1.713028D-02         1
  12.87500        1.413446D-02  13.00000        1.166241D-02         1
  13.12500        9.622603D-03  13.25000        7.939496D-03         1
  13.37500        6.550735D-03  13.50000        5.404861D-03         1
  13.62500        4.459403D-03  13.75000        3.679317D-03         1
  13.87500        3.035681D-03  14.00000        2.504631D-03         1
  14.12500        2.066476D-03  14.25000        1.704968D-03         1
  14.37500        1.406700D-03  14.50000        1.160609D-03         1
  14.62500        9.575687D-04  14.75000        7.900483D-04         1
  14.87500        6.518339D-04  15.00000        5.377991D-04         1
  15.12500        4.437138D-04  15.25000        3.660881D-04         1
  15.37500        3.020426D-04  15.50000        2.492014D-04         1
  15.62500        2.056046D-04  15.75000        1.696349D-04         1
  15.87500        1.399578D-04  16.00000        1.154727D-04         1
  16.12500        9.527115D-05  16.25000        7.860378D-05         1
  16.37500        6.485230D-05  16.50000        5.350660D-05         1
  16.62500        4.414579D-05  16.75000        3.642262D-05         1
  16.87500        3.005060D-05  17.00000        2.479334D-05LAST     1
   IMAGINARY VOLUME/SCALAR POTENTIAL *** 1 ***         2
   0.12500        4.494562D-01   0.25000        4.494554D-01         2
   0.37500        4.494544D-01   0.50000        4.494532D-01         2
   0.62500        4.494518D-01   0.75000        4.494501D-01         2
   0.87500        4.494480D-01   1.00000        4.494454D-01         2
   1.12500        4.494423D-01   1.25000        4.494386D-01         2
   1.37500        4.494340D-01   1.50000        4.494285D-01         2
   1.62500        4.494218D-01   1.75000        4.494138D-01         2
   1.87500        4.494039D-01   2.00000        4.493921D-01         2
   2.12500        4.493777D-01   2.25000        4.493602D-01         2
   2.37500        4.493390D-01   2.50000        4.493134D-01         2
   2.62500        4.492823D-01   2.75000        4.492447D-01         2
   2.87500        4.491991D-01   3.00000        4.491438D-01         2
   3.12500        4.490768D-01   3.25000        4.489956D-01         2
   3.37500        4.488972D-01   3.50000        4.487781D-01         2
   3.62500        4.486337D-01   3.75000        4.484589D-01         2
   3.87500        4.482472D-01   4.00000        4.479909D-01         2
   4.12500        4.476806D-01   4.25000        4.473051D-01         2
   4.37500        4.468509D-01   4.50000        4.463015D-01         2
   4.62500        4.456374D-01   4.75000        4.448352D-01         2
   4.87500        4.438668D-01   5.00000        4.426986D-01         2
   5.12500        4.412910D-01   5.25000        4.395968D-01         2
   5.37500        4.375608D-01   5.50000        4.351181D-01         2
   5.62500        4.321938D-01   5.75000        4.287018D-01         2
   5.87500        4.245441D-01   6.00000        4.196117D-01         2
   6.12500        4.137850D-01   6.25000        4.069360D-01         2
   6.37500        3.989327D-01   6.50000        3.896446D-01         2
   6.62500        3.789509D-01   6.75000        3.667511D-01         2
   6.87500        3.529780D-01   7.00000        3.376107D-01         2
   7.12500        3.206888D-01   7.25000        3.023224D-01         2
   7.37500        2.826987D-01   7.50000        2.620799D-01         2
   7.62500        2.407935D-01   7.75000        2.192134D-01         2
   7.87500        1.977346D-01   8.00000        1.767449D-01         2
   8.12500        1.565971D-01   8.25000        1.375874D-01         2
   8.37500        1.199402D-01   8.50000        1.038031D-01         2
   8.62500        8.924907D-02   8.75000        7.628529D-02         2
   8.87500        6.486547D-02   9.00000        5.490366D-02         2
   9.12500        4.628762D-02   9.25000        3.889043D-02         2
   9.37500        3.257984D-02   9.50000        2.722535D-02         2
   9.62500        2.270294D-02   9.75000        1.889813D-02         2
   9.87500        1.570750D-02  10.00000        1.303924D-02         2
  10.12500        1.081294D-02  10.25000        8.958959D-03         2
  10.37500        7.417481D-03  10.50000        6.137535D-03         2
  10.62500        5.075918D-03  10.75000        4.196192D-03         2
  10.87500        3.467744D-03  11.00000        2.864940D-03         2
  11.12500        2.366366D-03  11.25000        1.954177D-03         2
  11.37500        1.613527D-03  11.50000        1.332082D-03         2
  11.62500        1.099608D-03  11.75000        9.076235D-04         2
  11.87500        7.491021D-04  12.00000        6.182292D-04         2
  12.12500        5.101946D-04  12.25000        4.210212D-04         2
  12.37500        3.474217D-04  12.50000        2.866801D-04         2
  12.62500        2.365526D-04  12.75000        1.951864D-04         2
  12.87500        1.610514D-04  13.00000        1.328842D-04         2
  13.12500        1.096422D-04  13.25000        9.046449D-05         2
  13.37500        7.464062D-05  13.50000        6.158426D-05         2
  13.62500        5.081149D-05  13.75000        4.192300D-05         2
  13.87500        3.458926D-05  14.00000        2.853836D-05         2
  14.12500        2.354592D-05  14.25000        1.942681D-05         2
  14.37500        1.602827D-05  14.50000        1.322425D-05         2
  14.62500        1.091076D-05  14.75000        9.001996D-06         2
  14.87500        7.427150D-06  15.00000        6.127810D-06         2
  15.12500        5.055780D-06  15.25000        4.171294D-06         2
  15.37500        3.441544D-06  15.50000        2.839460D-06         2
  15.62500        2.342708D-06  15.75000        1.932860D-06         2
  15.87500        1.594713D-06  16.00000        1.315723D-06         2
  16.12500        1.085542D-06  16.25000        8.956300D-07         2
  16.37500        7.389424D-07  16.50000        6.096668D-07         2
  16.62500        5.030075D-07  16.75000        4.150079D-07         2
  16.87500        3.424036D-07  17.00000        2.825011D-07LAST     2
       REAL SURFACE/VECTOR POTENTIAL *** 1 ***         3
   0.12500        0.000000D+00   0.25000        0.000000D+00         3
   0.37500        0.000000D+00   0.50000        0.000000D+00         3
   0.62500        0.000000D+00   0.75000        0.000000D+00         3
   0.87500        0.000000D+00   1.00000        0.000000D+00         3
   1.12500        0.000000D+00   1.25000        0.000000D+00         3
   1.37500        0.000000D+00   1.50000        0.000000D+00         3
   1.62500        0.000000D+00   1.75000        0.000000D+00         3
   1.87500        0.000000D+00   2.00000        0.000000D+00         3
   2.12500        0.000000D+00   2.25000        0.000000D+00         3
   2.37500        0.000000D+00   2.50000        0.000000D+00         3
   2.62500        0.000000D+00   2.75000        0.000000D+00         3
   2.87500        0.000000D+00   3.00000        0.000000D+00         3
   3.12500        0.000000D+00   3.25000        0.000000D+00         3
   3.37500        0.000000D+00   3.50000        0.000000D+00         3
   3.62500        0.000000D+00   3.75000        0.000000D+00         3
   3.87500        0.000000D+00   4.00000        0.000000D+00         3
   4.12500        0.000000D+00   4.25000        0.000000D+00         3
   4.37500        0.000000D+00   4.50000        0.000000D+00         3
   4.62500        0.000000D+00   4.75000        0.000000D+00         3
   4.87500        0.000000D+00   5.00000        0.000000D+00         3
   5.12500        0.000000D+00   5.25000        0.000000D+00         3
   5.37500        0.000000D+00   5.50000        0.000000D+00         3
   5.62500        0.000000D+00   5.75000        0.000000D+00         3
   5.87500        0.000000D+00   6.00000        0.000000D+00         3
   6.12500        0.000000D+00   6.25000        0.000000D+00         3
   6.37500        0.000000D+00   6.50000        0.000000D+00         3
   6.62500        0.000000D+00   6.75000        0.000000D+00         3
   6.87500        0.000000D+00   7.00000        0.000000D+00         3
   7.12500        0.000000D+00   7.25000        0.000000D+00         3
   7.37500        0.000000D+00   7.50000        0.000000D+00         3
   7.62500        0.000000D+00   7.75000        0.000000D+00         3
   7.87500        0.000000D+00   8.00000        0.000000D+00         3
   8.12500        0.000000D+00   8.25000        0.000000D+00         3
   8.37500        0.000000D+00   8.50000        0.000000D+00         3
   8.62500        0.000000D+00   8.75000        0.000000D+00         3
   8.87500        0.000000D+00   9.00000        0.000000D+00         3
   9.12500        0.000000D+00   9.25000        0.000000D+00         3
   9.37500        0.000000D+00   9.50000        0.000000D+00         3
   9.62500        0.000000D+00   9.75000        0.000000D+00         3
   9.87500        0.000000D+00  10.00000        0.000000D+00         3
  10.12500        0.000000D+00  10.25000        0.000000D+00         3
  10.37500        0.000000D+00  10.50000        0.000000D+00         3
  10.62500        0.000000D+00  10.75000        0.000000D+00         3
  10.87500        0.000000D+00  11.00000        0.000000D+00         3
  11.12500        0.000000D+00  11.25000        0.000000D+00         3
  11.37500        0.000000D+00  11.50000        0.000000D+00         3
  11.62500        0.000000D+00  11.75000        0.000000D+00         3
  11.87500        0.000000D+00  12.00000        0.000000D+00         3
  12.12500        0.000000D+00  12.25000        0.000000D+00         3
  12.37500        0.000000D+00  12.50000        0.000000D+00         3
  12.62500        0.000000D+00  12.75000        0.000000D+00         3
  12.87500        0.000000D+00  13.00000        0.000000D+00         3
  13.12500        0.000000D+00  13.25000        0.000000D+00         3
  13.37500        0.000000D+00  13.50000        0.000000D+00         3
  13.62500        0.000000D+00  13.75000        0.000000D+00         3
  13.87500        0.000000D+00  14.00000        0.000000D+00         3
  14.12500        0.000000D+00  14.25000        0.000000D+00         3
  14.37500        0.000000D+00  14.50000        0.000000D+00         3
  14.62500        0.000000D+00  14.75000        0.000000D+00         3
  14.87500        0.000000D+00  15.00000        0.000000D+00         3
  15.12500        0.000000D+00  15.25000        0.000000D+00         3
  15.37500        0.000000D+00  15.50000        0.000000D+00         3
  15.62500        0.000000D+00  15.75000        0.000000D+00         3
  15.87500        0.000000D+00  16.00000        0.000000D+00         3
  16.12500        0.000000D+00  16.25000        0.000000D+00         3
  16.37500        0.000000D+00  16.50000        0.000000D+00         3
  16.62500        0.000000D+00  16.75000        0.000000D+00         3
  16.87500        0.000000D+00  17.00000        0.000000D+00LAST     3
    IMAGIN. SURFACE/VECTOR POTENTIAL *** 1 ***         4
   0.12500        1.803880D-04   0.25000        2.221694D-04         4
   0.37500        2.736280D-04   0.50000        3.370051D-04         4
   0.62500        4.150610D-04   0.75000        5.111952D-04         4
   0.87500        6.295944D-04   1.00000        7.754147D-04         4
   1.12500        9.550059D-04   1.25000        1.176188D-03         4
   1.37500        1.448591D-03   1.50000        1.784073D-03         4
   1.62500        2.197237D-03   1.75000        2.706064D-03         4
   1.87500        3.332692D-03   2.00000        4.104381D-03         4
   2.12500        5.054685D-03   2.25000        6.224912D-03         4
   2.37500        7.665904D-03   2.50000        9.440227D-03         4
   2.62500        1.162486D-02   2.75000        1.431451D-02         4
   2.87500        1.762562D-02   3.00000        2.170135D-02         4
   3.12500        2.671763D-02   3.25000        3.289049D-02         4
   3.37500        4.048510D-02   3.50000        4.982663D-02         4
   3.62500        6.131346D-02   3.75000        7.543302D-02         4
   3.87500        9.278080D-02   4.00000        1.140829D-01         4
   4.12500        1.402226D-01   4.25000        1.722713D-01         4
   4.37500        2.115236D-01   4.50000        2.595367D-01         4
   4.62500        3.181733D-01   4.75000        3.896446D-01         4
   4.87500        4.765522D-01   5.00000        5.819203D-01         4
   5.12500        7.092113D-01   5.25000        8.623091D-01         4
   5.37500        1.045453D+00   5.50000        1.263094D+00         4
   5.62500        1.519647D+00   5.75000        1.819095D+00         4
   5.87500        2.164422D+00   6.00000        2.556847D+00         4
   6.12500        2.994874D+00   6.25000        3.473227D+00         4
   6.37500        3.981811D+00   6.50000        4.504952D+00         4
   6.62500        5.021236D+00   6.75000        5.504292D+00         4
   6.87500        5.924754D+00   7.00000        6.253384D+00         4
   7.12500        6.464952D+00   7.25000        6.542118D+00         4
   7.37500        6.478341D+00   7.50000        6.279036D+00         4
   7.62500        5.960612D+00   7.75000        5.547704D+00         4
   7.87500        5.069342D+00   8.00000        4.555031D+00         4
   8.12500        4.031532D+00   8.25000        3.520785D+00         4
   8.37500        3.039019D+00   8.50000        2.596836D+00         4
   8.62500        2.199932D+00   8.75000        1.850116D+00         4
   8.87500        1.546386D+00   9.00000        1.285890D+00         4
   9.12500        1.064713D+00   9.25000        8.784632D-01         4
   9.37500        7.226787D-01   9.50000        5.930928D-01         4
   9.62500        4.857838D-01   9.75000        3.972476D-01         4
   9.87500        3.244184D-01  10.00000        2.646553D-01         4
  10.12500        2.157115D-01  10.25000        1.756929D-01         4
  10.37500        1.430148D-01  10.50000        1.163593D-01         4
  10.62500        9.463525D-02  10.75000        7.694280D-02         4
  10.87500        6.254200D-02  11.00000        5.082591D-02         4
  11.12500        4.129763D-02  11.25000        3.355099D-02         4
  11.37500        2.725443D-02  11.50000        2.213754D-02         4
  11.62500        1.798000D-02  11.75000        1.460239D-02         4
  11.87500        1.185870D-02  12.00000        9.630152D-03         4
  12.12500        7.820154D-03  12.25000        6.350181D-03         4
  12.37500        5.156413D-03  12.50000        4.186990D-03         4
  12.62500        3.399774D-03  12.75000        2.760535D-03         4
  12.87500        2.241468D-03  13.00000        1.819988D-03         4
  13.12500        1.477753D-03  13.25000        1.199867D-03         4
  13.37500        9.742321D-04  13.50000        7.910256D-04         4
  13.62500        6.422697D-04  13.75000        5.214869D-04         4
  13.87500        4.234174D-04  14.00000        3.437900D-04         4
  14.12500        2.791370D-04  14.25000        2.266424D-04         4
  14.37500        1.840198D-04  14.50000        1.494128D-04         4
  14.62500        1.213139D-04  14.75000        9.849934D-05         4
  14.87500        7.997531D-05  15.00000        6.493494D-05         4
  15.12500        5.272308D-05  15.25000        4.280782D-05         4
  15.37500        3.475725D-05  15.50000        2.822069D-05         4
  15.62500        2.291341D-05  15.75000        1.860424D-05         4
  15.87500        1.510546D-05  16.00000        1.226467D-05         4
  16.12500        9.958137D-06  16.25000        8.085374D-06         4
  16.37500        6.564810D-06  16.50000        5.330208D-06         4
  16.62500        4.327790D-06  16.75000        3.513890D-06         4
  16.87500        2.853055D-06  17.00000        2.316500D-06LAST     4
    REAL SPIN-ORBIT/TENSOR POTENTIAL *** 1 ***         5
   0.12500        7.486593D-04   0.25000        4.626618D-04         5
   0.37500        3.812249D-04   0.50000        3.533872D-04         5
   0.62500        3.494204D-04   0.75000        3.598931D-04         5
   0.87500        3.812695D-04   1.00000        4.123292D-04         5
   1.12500        4.529952D-04   1.25000        5.038903D-04         5
   1.37500        5.661616D-04   1.50000        6.414245D-04         5
   1.62500        7.317672D-04   1.75000        8.397936D-04         5
   1.87500        9.686953D-04   2.00000        1.122350D-03         5
   2.12500        1.305448D-03   2.25000        1.523645D-03         5
   2.37500        1.783757D-03   2.50000        2.093986D-03         5
   2.62500        2.464201D-03   2.75000        2.906270D-03         5
   2.87500        3.434464D-03   3.00000        4.065937D-03         5
   3.12500        4.821294D-03   3.25000        5.725271D-03         5
   3.37500        6.807537D-03   3.50000        8.103630D-03         5
   3.62500        9.656049D-03   3.75000        1.151550D-02         5
   3.87500        1.374232D-02   4.00000        1.640804D-02         5
   4.12500        1.959704D-02   4.25000        2.340829D-02         5
   4.37500        2.795694D-02   4.50000        3.337561D-02         5
   4.62500        3.981505D-02   4.75000        4.744357D-02         5
   4.87500        5.644467D-02   5.00000        6.701179D-02         5
   5.12500        7.933893D-02   5.25000        9.360581D-02         5
   5.37500        1.099558D-01   5.50000        1.284656D-01         5
   5.62500        1.491056D-01   5.75000        1.716936D-01         5
   5.87500        1.958444D-01   6.00000        2.209254D-01         5
   6.12500        2.460303D-01   6.25000        2.699882D-01         5
   6.37500        2.914227D-01   6.50000        3.088722D-01         5
   6.62500        3.209636D-01   6.75000        3.266133D-01         5
   6.87500        3.252138D-01   7.00000        3.167529D-01         5
   7.12500        3.018311D-01   7.25000        2.815679D-01         5
   7.37500        2.574223D-01   7.50000        2.309765D-01         5
   7.62500        2.037342D-01   7.75000        1.769730D-01         5
   7.87500        1.516642D-01   8.00000        1.284574D-01         5
   8.12500        1.077102D-01   8.25000        8.954413D-02         5
   8.37500        7.390794D-02   8.50000        6.063705D-02         5
   8.62500        4.950248D-02   8.75000        4.024771D-02         5
   8.87500        3.261405D-02   9.00000        2.635657D-02         5
   9.12500        2.125298D-02   9.25000        1.710741D-02         5
   9.37500        1.375105D-02   9.50000        1.104081D-02         5
   9.62500        8.856912D-03   9.75000        7.100095D-03         5
   9.87500        5.688721D-03  10.00000        4.556054D-03         5
  10.12500        3.647806D-03  10.25000        2.919976D-03         5
  10.37500        2.337009D-03  10.50000        1.870245D-03         5
  10.62500        1.496623D-03  10.75000        1.197613D-03         5
  10.87500        9.583481D-04  11.00000        7.669054D-04         5
  11.12500        6.137330D-04  11.25000        4.911817D-04         5
  11.37500        3.931282D-04  11.50000        3.146728D-04         5
  11.62500        2.518951D-04  11.75000        2.016590D-04         5
  11.87500        1.614560D-04  12.00000        1.292798D-04         5
  12.12500        1.035255D-04  12.25000        8.290957D-05         5
  12.37500        6.640531D-05  12.50000        5.319144D-05         5
  12.62500        4.261094D-05  12.75000        3.413821D-05         5
  12.87500        2.735270D-05  13.00000        2.191791D-05         5
  13.12500        1.756454D-05  13.25000        1.407710D-05         5
  13.37500        1.128306D-05  13.50000        9.044370D-06         5
  13.62500        7.250473D-06  13.75000        5.812867D-06         5
  13.87500        4.660688D-06  14.00000        3.737186D-06         5
  14.12500        2.996910D-06  14.25000        2.403458D-06         5
  14.37500        1.927670D-06  14.50000        1.546185D-06         5
  14.62500        1.240288D-06  14.75000        9.949817D-07         5
  14.87500        7.982499D-07  15.00000        6.404618D-07         5
  15.12500        5.138990D-07  15.25000        4.123746D-07         5
  15.37500        3.309293D-07  15.50000        2.655872D-07         5
  15.62500        2.131608D-07  15.75000        1.710942D-07         5
  15.87500        1.373380D-07  16.00000        1.102486D-07         5
  16.12500        8.850783D-08  16.25000        7.105858D-08         5
  16.37500        5.705281D-08  16.50000        4.581028D-08         5
  16.62500        3.678525D-08  16.75000        2.953990D-08         5
  16.87500        2.372294D-08  17.00000        1.905249D-08LAST     5
   IMAG. SPIN-ORBIT/TENSOR POTENTIAL *** 1 ***         6
   0.12500       -4.147901D-06   0.25000       -2.563349D-06         6
   0.37500       -2.112153D-06   0.50000       -1.957920D-06         6
   0.62500       -1.935942D-06   0.75000       -1.993966D-06         6
   0.87500       -2.112401D-06   1.00000       -2.284485D-06         6
   1.12500       -2.509793D-06   1.25000       -2.791774D-06         6
   1.37500       -3.136784D-06   1.50000       -3.553774D-06         6
   1.62500       -4.054312D-06   1.75000       -4.652825D-06         6
   1.87500       -5.366998D-06   2.00000       -6.218313D-06         6
   2.12500       -7.232755D-06   2.25000       -8.441665D-06         6
   2.37500       -9.882799D-06   2.50000       -1.160160D-05         6
   2.62500       -1.365275D-05   2.75000       -1.610201D-05         6
   2.87500       -1.902844D-05   3.00000       -2.252708D-05         6
   3.12500       -2.671208D-05   3.25000       -3.172051D-05         6
   3.37500       -3.771674D-05   3.50000       -4.489767D-05         6
   3.62500       -5.349875D-05   3.75000       -6.380094D-05         6
   3.87500       -7.613851D-05   4.00000       -9.090775D-05         6
   4.12500       -1.085762D-04   4.25000       -1.296922D-04         6
   4.37500       -1.548937D-04   4.50000       -1.849155D-04         6
   4.62500       -2.205928D-04   4.75000       -2.628582D-04         6
   4.87500       -3.127283D-04   5.00000       -3.712747D-04         6
   5.12500       -4.395725D-04   5.25000       -5.186173D-04         6
   5.37500       -6.092035D-04   5.50000       -7.117557D-04         6
   5.62500       -8.261106D-04   5.75000       -9.512580D-04         6
   5.87500       -1.085064D-03   6.00000       -1.224024D-03         6
   6.12500       -1.363116D-03   6.25000       -1.495853D-03         6
   6.37500       -1.614610D-03   6.50000       -1.711288D-03         6
   6.62500       -1.778279D-03   6.75000       -1.809581D-03         6
   6.87500       -1.801827D-03   7.00000       -1.754950D-03         6
   7.12500       -1.672277D-03   7.25000       -1.560010D-03         6
   7.37500       -1.426233D-03   7.50000       -1.279711D-03         6
   7.62500       -1.128777D-03   7.75000       -9.805079D-04         6
   7.87500       -8.402863D-04   8.00000       -7.117105D-04         6
   8.12500       -5.967619D-04   8.25000       -4.961138D-04         6
   8.37500       -4.094825D-04   8.50000       -3.359559D-04         6
   8.62500       -2.742655D-04   8.75000       -2.229900D-04         6
   8.87500       -1.806961D-04   9.00000       -1.460270D-04         6
   9.12500       -1.177508D-04   9.25000       -9.478254D-05         6
   9.37500       -7.618685D-05   9.50000       -6.117092D-05         6
   9.62500       -4.907118D-05   9.75000       -3.933765D-05         6
   9.87500       -3.151801D-05  10.00000       -2.524254D-05         6
  10.12500       -2.021045D-05  10.25000       -1.617795D-05         6
  10.37500       -1.294806D-05  10.50000       -1.036198D-05         6
  10.62500       -8.291946D-06  10.75000       -6.635303D-06         6
  10.87500       -5.309670D-06  11.00000       -4.248993D-06         6
  11.12500       -3.400350D-06  11.25000       -2.721362D-06         6
  11.37500       -2.178103D-06  11.50000       -1.743425D-06         6
  11.62500       -1.395609D-06  11.75000       -1.117279D-06         6
  11.87500       -8.945371D-07  12.00000       -7.162667D-07         6
  12.12500       -5.735766D-07  12.25000       -4.593554D-07         6
  12.37500       -3.679146D-07  12.50000       -2.947039D-07         6
  12.62500       -2.360833D-07  12.75000       -1.891407D-07         6
  12.87500       -1.515460D-07  13.00000       -1.214348D-07         6
  13.12500       -9.731529D-08  13.25000       -7.799329D-08         6
  13.37500       -6.251313D-08  13.50000       -5.010978D-08         6
  13.62500       -4.017080D-08  13.75000       -3.220584D-08         6
  13.87500       -2.582226D-08  14.00000       -2.070565D-08         6
  14.12500       -1.660420D-08  14.25000       -1.331621D-08         6
  14.37500       -1.068014D-08  14.50000       -8.566544D-09         6
  14.62500       -6.871739D-09  14.75000       -5.512635D-09         6
  14.87500       -4.422655D-09  15.00000       -3.548440D-09         6
  15.12500       -2.847226D-09  15.25000       -2.284736D-09         6
  15.37500       -1.833494D-09  15.50000       -1.471470D-09         6
  15.62500       -1.181005D-09  15.75000       -9.479372D-10         6
  15.87500       -7.609128D-10  16.00000       -6.108255D-10         6
  16.12500       -4.903723D-10  16.25000       -3.936958D-10         6
  16.37500       -3.160976D-10  16.50000       -2.538090D-10         6
  16.62500       -2.038064D-10  16.75000       -1.636640D-10         6
  16.87500       -1.314355D-10  17.00000       -1.055592D-10LAST     6
                   COULOMB POTENTIAL *** 1 ***         7
   0.12500        0.000000D+00   0.25000        0.000000D+00         7
   0.37500        0.000000D+00   0.50000        0.000000D+00         7
   0.62500        0.000000D+00   0.75000        0.000000D+00         7
   0.87500        0.000000D+00   1.00000        0.000000D+00         7
   1.12500        0.000000D+00   1.25000        0.000000D+00         7
   1.37500        0.000000D+00   1.50000        0.000000D+00         7
   1.62500        0.000000D+00   1.75000        0.000000D+00         7
   1.87500        0.000000D+00   2.00000        0.000000D+00         7
   2.12500        0.000000D+00   2.25000        0.000000D+00         7
   2.37500        0.000000D+00   2.50000        0.000000D+00         7
   2.62500        0.000000D+00   2.75000        0.000000D+00         7
   2.87500        0.000000D+00   3.00000        0.000000D+00         7
   3.12500        0.000000D+00   3.25000        0.000000D+00         7
   3.37500        0.000000D+00   3.50000        0.000000D+00         7
   3.62500        0.000000D+00   3.75000        0.000000D+00         7
   3.87500        0.000000D+00   4.00000        0.000000D+00         7
   4.12500        0.000000D+00   4.25000        0.000000D+00         7
   4.37500        0.000000D+00   4.50000        0.000000D+00         7
   4.62500        0.000000D+00   4.75000        0.000000D+00         7
   4.87500        0.000000D+00   5.00000        0.000000D+00         7
   5.12500        0.000000D+00   5.25000        0.000000D+00         7
   5.37500        0.000000D+00   5.50000        0.000000D+00         7
   5.62500        0.000000D+00   5.75000        0.000000D+00         7
   5.87500        0.000000D+00   6.00000        0.000000D+00         7
   6.12500        0.000000D+00   6.25000        0.000000D+00         7
   6.37500        0.000000D+00   6.50000        0.000000D+00         7
   6.62500        0.000000D+00   6.75000        0.000000D+00         7
   6.87500        0.000000D+00   7.00000        0.000000D+00         7
   7.12500        0.000000D+00   7.25000        0.000000D+00         7
   7.37500        0.000000D+00   7.50000        0.000000D+00         7
   7.62500        0.000000D+00   7.75000        0.000000D+00         7
   7.87500        0.000000D+00   8.00000        0.000000D+00         7
   8.12500        0.000000D+00   8.25000        0.000000D+00         7
   8.37500        0.000000D+00   8.50000        0.000000D+00         7
   8.62500        0.000000D+00   8.75000        0.000000D+00         7
   8.87500        0.000000D+00   9.00000        0.000000D+00         7
   9.12500        0.000000D+00   9.25000        0.000000D+00         7
   9.37500        0.000000D+00   9.50000        0.000000D+00         7
   9.62500        0.000000D+00   9.75000        0.000000D+00         7
   9.87500        0.000000D+00  10.00000        0.000000D+00         7
  10.12500        0.000000D+00  10.25000        0.000000D+00         7
  10.37500        0.000000D+00  10.50000        0.000000D+00         7
  10.62500        0.000000D+00  10.75000        0.000000D+00         7
  10.87500        0.000000D+00  11.00000        0.000000D+00         7
  11.12500        0.000000D+00  11.25000        0.000000D+00         7
  11.37500        0.000000D+00  11.50000        0.000000D+00         7
  11.62500        0.000000D+00  11.75000        0.000000D+00         7
  11.87500        0.000000D+00  12.00000        0.000000D+00         7
  12.12500        0.000000D+00  12.25000        0.000000D+00         7
  12.37500        0.000000D+00  12.50000        0.000000D+00         7
  12.62500        0.000000D+00  12.75000        0.000000D+00         7
  12.87500        0.000000D+00  13.00000        0.000000D+00         7
  13.12500        0.000000D+00  13.25000        0.000000D+00         7
  13.37500        0.000000D+00  13.50000        0.000000D+00         7
  13.62500        0.000000D+00  13.75000        0.000000D+00         7
  13.87500        0.000000D+00  14.00000        0.000000D+00         7
  14.12500        0.000000D+00  14.25000        0.000000D+00         7
  14.37500        0.000000D+00  14.50000        0.000000D+00         7
  14.62500        0.000000D+00  14.75000        0.000000D+00         7
  14.87500        0.000000D+00  15.00000        0.000000D+00         7
  15.12500        0.000000D+00  15.25000        0.000000D+00         7
  15.37500        0.000000D+00  15.50000        0.000000D+00         7
  15.62500        0.000000D+00  15.75000        0.000000D+00         7
  15.87500        0.000000D+00  16.00000        0.000000D+00         7
  16.12500        0.000000D+00  16.25000        0.000000D+00         7
  16.37500        0.000000D+00  16.50000        0.000000D+00         7
  16.62500        0.000000D+00  16.75000        0.000000D+00         7
  16.87500        0.000000D+00  17.00000        0.000000D+00LAST     7
        REAL VOLUME/SCALAR TRANSITION POTENTIAL *** 1 ***         8
   0.12500        2.377317D-04   0.25000        2.881402D-04         8
   0.37500        3.492369D-04   0.50000        4.232880D-04         8
   0.62500        5.130402D-04   0.75000        6.218221D-04         8
   0.87500        7.536683D-04   1.00000        9.134684D-04         8
   1.12500        1.107148D-03   1.25000        1.341889D-03         8
   1.37500        1.626395D-03   1.50000        1.971213D-03         8
   1.62500        2.389125D-03   1.75000        2.895619D-03         8
   1.87500        3.509462D-03   2.00000        4.253395D-03         8
   2.12500        5.154969D-03   2.25000        6.247561D-03         8
   2.37500        7.571602D-03   2.50000        9.176063D-03         8
   2.62500        1.112025D-02   2.75000        1.347596D-02         8
   2.87500        1.633014D-02   3.00000        1.978796D-02         8
   3.12500        2.397671D-02   3.25000        2.905031D-02         8
   3.37500        3.519481D-02   3.50000        4.263500D-02         8
   3.62500        5.164224D-02   3.75000        6.254386D-02         8
   3.87500        7.573432D-02   4.00000        9.168833D-02         8
   4.12500        1.109764D-01   4.25000        1.342826D-01         8
   4.37500        1.624259D-01   4.50000        1.963835D-01         8
   4.62500        2.373176D-01   4.75000        2.866045D-01         8
   4.87500        3.458662D-01   5.00000        4.170013D-01         8
   5.12500        5.022146D-01   5.25000        6.040410D-01         8
   5.37500        7.253578D-01   5.50000        8.693768D-01         8
   5.62500        1.039607D+00   5.75000        1.239768D+00         8
   5.87500        1.473648D+00   6.00000        1.744864D+00         8
   6.12500        2.056525D+00   6.25000        2.410765D+00         8
   6.37500        2.808150D+00   6.50000        3.246956D+00         8
   6.62500        3.722400D+00   6.75000        4.225891D+00         8
   6.87500        4.744482D+00   7.00000        5.260708D+00         8
   7.12500        5.753040D+00   7.25000        6.197103D+00         8
   7.37500        6.567708D+00   7.50000        6.841509D+00         8
   7.62500        6.999906D+00   7.75000        7.031615D+00         8
   7.87500        6.934330D+00   8.00000        6.715074D+00         8
   8.12500        6.389147D+00   8.25000        5.977927D+00         8
   8.37500        5.506060D+00   8.50000        4.998621D+00         8
   8.62500        4.478735D+00   8.75000        3.965955D+00         8
   8.87500        3.475453D+00   9.00000        3.017902D+00         8
   9.12500        2.599863D+00   9.25000        2.224458D+00         8
   9.37500        1.892147D+00   9.50000        1.601482D+00         8
   9.62500        1.349763D+00   9.75000        1.133572D+00         8
   9.87500        9.491696D-01  10.00000        7.927796D-01         8
  10.12500        6.607755D-01  10.25000        5.497930D-01         8
  10.37500        4.567886D-01  10.50000        3.790605D-01         8
  10.62500        3.142446D-01  10.75000        2.602960D-01         8
  10.87500        2.154612D-01  11.00000        1.782478D-01         8
  11.12500        1.473924D-01  11.25000        1.218309D-01         8
  11.37500        1.006700D-01  11.50000        8.316252D-02         8
  11.62500        6.868469D-02  11.75000        5.671705D-02         8
  11.87500        4.682765D-02  12.00000        3.865783D-02         8
  12.12500        3.191011D-02  12.25000        2.633799D-02         8
  12.37500        2.173736D-02  12.50000        1.793933D-02         8
  12.62500        1.480420D-02  12.75000        1.221650D-02         8
  12.87500        1.008079D-02  13.00000        8.318229D-03         8
  13.12500        6.863689D-03  13.25000        5.663391D-03         8
  13.37500        4.672926D-03  13.50000        3.855636D-03         8
  13.62500        3.181256D-03  13.75000        2.624809D-03         8
  13.87500        2.165677D-03  14.00000        1.786846D-03         8
  14.12500        1.474276D-03  14.25000        1.216378D-03         8
  14.37500        1.003591D-03  14.50000        8.280263D-04         8
  14.62500        6.831726D-04  14.75000        5.636583D-04         8
  14.87500        4.650512D-04  15.00000        3.836941D-04         8
  15.12500        3.165695D-04  15.25000        2.611876D-04         8
  15.37500        2.154943D-04  15.50000        1.777947D-04         8
  15.62500        1.466904D-04  15.75000        1.210275D-04         8
  15.87500        9.985429D-05  16.00000        8.238518D-05         8
  16.12500        6.797221D-05  16.25000        5.608072D-05         8
  16.37500        4.626959D-05  16.50000        3.817489D-05         8
  16.62500        3.149632D-05  16.75000        2.598614D-05         8
  16.87500        2.143995D-05  17.00000        1.768910D-05LAST     8
   IMAGINARY VOLUME/SCALAR TRANSITION POTENTIAL *** 1 ***         9
   0.12500        2.708772D-06   0.25000        3.283137D-06         9
   0.37500        3.979287D-06   0.50000        4.823043D-06         9
   0.62500        5.845701D-06   0.75000        7.085188D-06         9
   0.87500        8.587475D-06   1.00000        1.040827D-05         9
   1.12500        1.261511D-05   1.25000        1.528980D-05         9
   1.37500        1.853153D-05   1.50000        2.246047D-05         9
   1.62500        2.722225D-05   1.75000        3.299336D-05         9
   1.87500        3.998764D-05   2.00000        4.846419D-05         9
   2.12500        5.873694D-05   2.25000        7.118619D-05         9
   2.37500        8.627262D-05   2.50000        1.045542D-04         9
   2.62500        1.267067D-04   2.75000        1.535483D-04         9
   2.87500        1.860694D-04   3.00000        2.254687D-04         9
   3.12500        2.731963D-04   3.25000        3.310061D-04         9
   3.37500        4.010180D-04   3.50000        4.857932D-04         9
   3.62500        5.884238D-04   3.75000        7.126395D-04         9
   3.87500        8.629347D-04   4.00000        1.044719D-03         9
   4.12500        1.264491D-03   4.25000        1.530048D-03         9
   4.37500        1.850719D-03   4.50000        2.237640D-03         9
   4.62500        2.704052D-03   4.75000        3.265640D-03         9
   4.87500        3.940882D-03   5.00000        4.751411D-03         9
   5.12500        5.722352D-03   5.25000        6.882586D-03         9
   5.37500        8.264898D-03   5.50000        9.905885D-03         9
   5.62500        1.184552D-02   5.75000        1.412621D-02         9
   5.87500        1.679110D-02   6.00000        1.988139D-02         9
   6.12500        2.343253D-02   6.25000        2.746883D-02         9
   6.37500        3.199672D-02   6.50000        3.699658D-02         9
   6.62500        4.241391D-02   6.75000        4.815080D-02         9
   6.87500        5.405975D-02   7.00000        5.994175D-02         9
   7.12500        6.555149D-02   7.25000        7.061126D-02         9
   7.37500        7.483402D-02   7.50000        7.795377D-02         9
   7.62500        7.975859D-02   7.75000        8.011988D-02         9
   7.87500        7.901139D-02   8.00000        7.651314D-02         9
   8.12500        7.279945D-02   8.25000        6.811391D-02         9
   8.37500        6.273735D-02   8.50000        5.695547D-02         9
   8.62500        5.103176D-02   8.75000        4.518903D-02         9
   8.87500        3.960013D-02   9.00000        3.438668D-02         9
   9.12500        2.962345D-02   9.25000        2.534600D-02         9
   9.37500        2.155957D-02   9.50000        1.824767D-02         9
   9.62500        1.537952D-02   9.75000        1.291619D-02         9
   9.87500        1.081506D-02  10.00000        9.033118D-03         9
  10.12500        7.529032D-03  10.25000        6.264471D-03         9
  10.37500        5.204757D-03  10.50000        4.319104D-03         9
  10.62500        3.580577D-03  10.75000        2.965874D-03         9
  10.87500        2.455016D-03  11.00000        2.030997D-03         9
  11.12500        1.679424D-03  11.25000        1.388170D-03         9
  11.37500        1.147058D-03  11.50000        9.475734D-04         9
  11.62500        7.826096D-04  11.75000        6.462474D-04         9
  11.87500        5.335653D-04  12.00000        4.404765D-04         9
  12.12500        3.635914D-04  12.25000        3.001013D-04         9
  12.37500        2.476807D-04  12.50000        2.044049D-04         9
  12.62500        1.686826D-04  12.75000        1.391977D-04         9
  12.87500        1.148629D-04  13.00000        9.477986D-05         9
  13.12500        7.820650D-05  13.25000        6.453001D-05         9
  13.37500        5.324443D-05  13.50000        4.393202D-05         9
  13.62500        3.624798D-05  13.75000        2.990769D-05         9
  13.87500        2.467623D-05  14.00000        2.035975D-05         9
  14.12500        1.679824D-05  14.25000        1.385970D-05         9
  14.37500        1.143516D-05  14.50000        9.434727D-06         9
  14.62500        7.784229D-06  14.75000        6.422456D-06         9
  14.87500        5.298904D-06  15.00000        4.371901D-06         9
  15.12500        3.607067D-06  15.25000        2.976033D-06         9
  15.37500        2.455393D-06  15.50000        2.025835D-06         9
  15.62500        1.671425D-06  15.75000        1.379016D-06         9
  15.87500        1.137763D-06  16.00000        9.387162D-07         9
  16.12500        7.744914D-07  16.25000        6.389969D-07         9
  16.37500        5.272067D-07  16.50000        4.349737D-07         9
  16.62500        3.588765D-07  16.75000        2.960922D-07         9
  16.87500        2.442919D-07  17.00000        2.015538D-07LAST     9
       REAL SURFACE/VECTOR TRANSITION POTENTIAL *** 1 ***        10
   0.12500        0.000000D+00   0.25000        0.000000D+00        10
   0.37500        0.000000D+00   0.50000        0.000000D+00        10
   0.62500        0.000000D+00   0.75000        0.000000D+00        10
   0.87500        0.000000D+00   1.00000        0.000000D+00        10
   1.12500        0.000000D+00   1.25000        0.000000D+00        10
   1.37500        0.000000D+00   1.50000        0.000000D+00        10
   1.62500        0.000000D+00   1.75000        0.000000D+00        10
   1.87500        0.000000D+00   2.00000        0.000000D+00        10
   2.12500        0.000000D+00   2.25000        0.000000D+00        10
   2.37500        0.000000D+00   2.50000        0.000000D+00        10
   2.62500        0.000000D+00   2.75000        0.000000D+00        10
   2.87500        0.000000D+00   3.00000        0.000000D+00        10
   3.12500        0.000000D+00   3.25000        0.000000D+00        10
   3.37500        0.000000D+00   3.50000        0.000000D+00        10
   3.62500        0.000000D+00   3.75000        0.000000D+00        10
   3.87500        0.000000D+00   4.00000        0.000000D+00        10
   4.12500        0.000000D+00   4.25000        0.000000D+00        10
   4.37500        0.000000D+00   4.50000        0.000000D+00        10
   4.62500        0.000000D+00   4.75000        0.000000D+00        10
   4.87500        0.000000D+00   5.00000        0.000000D+00        10
   5.12500        0.000000D+00   5.25000        0.000000D+00        10
   5.37500        0.000000D+00   5.50000        0.000000D+00        10
   5.62500        0.000000D+00   5.75000        0.000000D+00        10
   5.87500        0.000000D+00   6.00000        0.000000D+00        10
   6.12500        0.000000D+00   6.25000        0.000000D+00        10
   6.37500        0.000000D+00   6.50000        0.000000D+00        10
   6.62500        0.000000D+00   6.75000        0.000000D+00        10
   6.87500        0.000000D+00   7.00000        0.000000D+00        10
   7.12500        0.000000D+00   7.25000        0.000000D+00        10
   7.37500        0.000000D+00   7.50000        0.000000D+00        10
   7.62500        0.000000D+00   7.75000        0.000000D+00        10
   7.87500        0.000000D+00   8.00000        0.000000D+00        10
   8.12500        0.000000D+00   8.25000        0.000000D+00        10
   8.37500        0.000000D+00   8.50000        0.000000D+00        10
   8.62500        0.000000D+00   8.75000        0.000000D+00        10
   8.87500        0.000000D+00   9.00000        0.000000D+00        10
   9.12500        0.000000D+00   9.25000        0.000000D+00        10
   9.37500        0.000000D+00   9.50000        0.000000D+00        10
   9.62500        0.000000D+00   9.75000        0.000000D+00        10
   9.87500        0.000000D+00  10.00000        0.000000D+00        10
  10.12500        0.000000D+00  10.25000        0.000000D+00        10
  10.37500        0.000000D+00  10.50000        0.000000D+00        10
  10.62500        0.000000D+00  10.75000        0.000000D+00        10
  10.87500        0.000000D+00  11.00000        0.000000D+00        10
  11.12500        0.000000D+00  11.25000        0.000000D+00        10
  11.37500        0.000000D+00  11.50000        0.000000D+00        10
  11.62500        0.000000D+00  11.75000        0.000000D+00        10
  11.87500        0.000000D+00  12.00000        0.000000D+00        10
  12.12500        0.000000D+00  12.25000        0.000000D+00        10
  12.37500        0.000000D+00  12.50000        0.000000D+00        10
  12.62500        0.000000D+00  12.75000        0.000000D+00        10
  12.87500        0.000000D+00  13.00000        0.000000D+00        10
  13.12500        0.000000D+00  13.25000        0.000000D+00        10
  13.37500        0.000000D+00  13.50000        0.000000D+00        10
  13.62500        0.000000D+00  13.75000        0.000000D+00        10
  13.87500        0.000000D+00  14.00000        0.000000D+00        10
  14.12500        0.000000D+00  14.25000        0.000000D+00        10
  14.37500        0.000000D+00  14.50000        0.000000D+00        10
  14.62500        0.000000D+00  14.75000        0.000000D+00        10
  14.87500        0.000000D+00  15.00000        0.000000D+00        10
  15.12500        0.000000D+00  15.25000        0.000000D+00        10
  15.37500        0.000000D+00  15.50000        0.000000D+00        10
  15.62500        0.000000D+00  15.75000        0.000000D+00        10
  15.87500        0.000000D+00  16.00000        0.000000D+00        10
  16.12500        0.000000D+00  16.25000        0.000000D+00        10
  16.37500        0.000000D+00  16.50000        0.000000D+00        10
  16.62500        0.000000D+00  16.75000        0.000000D+00        10
  16.87500        0.000000D+00  17.00000        0.000000D+00LAST    10
    IMAGIN. SURFACE/VECTOR TRANSITION POTENTIAL *** 1 ***        11
   0.12500       -1.310755D-04   0.25000       -1.614346D-04        11
   0.37500       -1.988252D-04   0.50000       -2.448754D-04        11
   0.62500       -3.015907D-04   0.75000       -3.714408D-04        11
   0.87500       -4.574670D-04   1.00000       -5.634146D-04        11
   1.12500       -6.938957D-04   1.25000       -8.545895D-04        11
   1.37500       -1.052489D-03   1.50000       -1.296204D-03        11
   1.62500       -1.596334D-03   1.75000       -1.965930D-03        11
   1.87500       -2.421054D-03   2.00000       -2.981475D-03        11
   2.12500       -3.671522D-03   2.25000       -4.521123D-03        11
   2.37500       -5.567095D-03   2.50000       -6.854704D-03        11
   2.62500       -8.439593D-03   2.75000       -1.039012D-02        11
   2.87500       -1.279023D-02   3.00000       -1.574292D-02        11
   3.12500       -1.937444D-02   3.25000       -2.383942D-02        11
   3.37500       -2.932696D-02   3.50000       -3.606793D-02        11
   3.62500       -4.434361D-02   3.75000       -5.449580D-02        11
   3.87500       -6.693856D-02   4.00000       -8.217135D-02        11
   4.12500       -1.007937D-01   4.25000       -1.235203D-01        11
   4.37500       -1.511965D-01   4.50000       -1.848114D-01        11
   4.62500       -2.255057D-01   4.75000       -2.745709D-01        11
   4.87500       -3.334319D-01   5.00000       -4.036036D-01        11
   5.12500       -4.866082D-01   5.25000       -5.838365D-01        11
   5.37500       -6.963310D-01   5.50000       -8.244692D-01        11
   5.62500       -9.675283D-01   5.75000       -1.123125D+00        11
   5.87500       -1.286554D+00   6.00000       -1.450099D+00        11
   6.12500       -1.602468D+00   6.25000       -1.728585D+00        11
   6.37500       -1.810071D+00   6.50000       -1.826736D+00        11
   6.62500       -1.759287D+00   6.75000       -1.593136D+00        11
   6.87500       -1.322675D+00   7.00000       -9.548638D-01        11
   7.12500       -5.107274D-01   7.25000       -2.368964D-02        11
   7.37500        4.653731D-01   7.50000        9.152247D-01        11
   7.62500        1.291468D+00   7.75000        1.571765D+00        11
   7.87500        1.747830D+00   8.00000        1.824201D+00        11
   8.12500        1.814792D+00   8.25000        1.738624D+00        11
   8.37500        1.615939D+00   8.50000        1.465371D+00        11
   8.62500        1.302347D+00   8.75000        1.138520D+00        11
   8.87500        9.819282D-01   9.00000        8.375349D-01        11
   9.12500        7.079162D-01   9.25000        5.939275D-01        11
   9.37500        4.952758D-01   9.50000        4.109668D-01        11
   9.62500        3.396323D-01   9.75000        2.797555D-01        11
   9.87500        2.298165D-01  10.00000        1.883795D-01        11
  10.12500        1.541390D-01  10.25000        1.259397D-01        11
  10.37500        1.027783D-01  10.50000        8.379613D-02        11
  10.62500        6.826667D-02  10.75000        5.558004D-02        11
  10.87500        4.522783D-02  11.00000        3.678845D-02        11
  11.12500        2.991368D-02  11.25000        2.431693D-02        11
  11.37500        1.976289D-02  11.50000        1.605880D-02        11
  11.62500        1.304704D-02  11.75000        1.059884D-02        11
  11.87500        8.609204D-03  12.00000        6.992510D-03        11
  12.12500        5.679046D-03  12.25000        4.612061D-03        11
  12.37500        3.745384D-03  12.50000        3.041464D-03        11
  12.62500        2.469773D-03  12.75000        2.005494D-03        11
  12.87500        1.628463D-03  13.00000        1.322293D-03        11
  13.12500        1.073674D-03  13.25000        8.717922D-04        11
  13.37500        7.078642D-04  13.50000        5.747568D-04        11
  13.62500        4.666765D-04  13.75000        3.789186D-04        11
  13.87500        3.076624D-04  14.00000        2.498053D-04        11
  14.12500        2.028280D-04  14.25000        1.646848D-04        11
  14.37500        1.337144D-04  14.50000        1.085682D-04        11
  14.62500        8.815083D-05  14.75000        7.157311D-05        11
  14.87500        5.811297D-05  15.00000        4.718414D-05        11
  15.12500        3.831059D-05  15.25000        3.110581D-05        11
  15.37500        2.525597D-05  15.50000        2.050626D-05        11
  15.62500        1.664979D-05  15.75000        1.351858D-05        11
  15.87500        1.097623D-05  16.00000        8.912005D-06        11
  16.12500        7.235984D-06  16.25000        5.875160D-06        11
  16.37500        4.770257D-06  16.50000        3.873146D-06        11
  16.62500        3.144748D-06  16.75000        2.553336D-06        11
  16.87500        2.073146D-06  17.00000        1.683263D-06LAST    11
    REAL SPIN-ORBIT/TENSOR TRANSITION POTENTIAL *** 1 ***        12
   0.12500        3.874802D-05   0.25000        4.789155D-05        12
   0.37500        5.919265D-05   0.50000        7.316040D-05        12
   0.62500        9.042396D-05   0.75000        1.117609D-04        12
   0.87500        1.381324D-04   1.00000        1.707259D-04        12
   1.12500        2.110092D-04   1.25000        2.607962D-04        12
   1.37500        3.223283D-04   1.50000        3.983750D-04        12
   1.62500        4.923587D-04   1.75000        6.085074D-04        12
   1.87500        7.520449D-04   2.00000        9.294236D-04        12
   2.12500        1.148613D-03   2.25000        1.419455D-03        12
   2.37500        1.754101D-03   2.50000        2.167550D-03        12
   2.62500        2.678309D-03   2.75000        3.309206D-03        12
   2.87500        4.088388D-03   3.00000        5.050533D-03        12
   3.12500        6.238338D-03   3.25000        7.704326D-03        12
   3.37500        9.513034D-03   3.50000        1.174365D-02        12
   3.62500        1.449315D-02   3.75000        1.788008D-02        12
   3.87500        2.204891D-02   4.00000        2.717515D-02        12
   4.12500        3.347108D-02   4.25000        4.119210D-02        12
   4.37500        5.064341D-02   4.50000        6.218663D-02        12
   4.62500        7.624550D-02   4.75000        9.330958D-02        12
   4.87500        1.139339D-01   5.00000        1.387320D-01        12
   5.12500        1.683587D-01   5.25000        2.034780D-01        12
   5.37500        2.447101D-01   5.50000        2.925531D-01        12
   5.62500        3.472736D-01   5.75000        4.087684D-01        12
   5.87500        4.764028D-01   6.00000        5.488481D-01        12
   6.12500        6.239503D-01   6.25000        6.986827D-01        12
   6.37500        7.692346D-01   6.50000        8.312804D-01        12
   6.62500        8.804342D-01   6.75000        9.128364D-01        12
   6.87500        9.257568D-01   7.00000        9.180659D-01        12
   7.12500        8.904390D-01   7.25000        8.452331D-01        12
   7.37500        7.860742D-01   7.50000        7.172727D-01        12
   7.62500        6.432193D-01   7.75000        5.678896D-01        12
   7.87500        4.945258D-01   8.00000        4.255048D-01        12
   8.12500        3.623561D-01   8.25000        3.058767D-01        12
   8.37500        2.562897D-01   8.50000        2.134088D-01        12
   8.62500        1.767833D-01   8.75000        1.458158D-01        12
   8.87500        1.198473D-01   9.00000        9.821702D-02        12
   9.12500        8.029860D-02   9.25000        6.552110D-02        12
   9.37500        5.337801D-02   9.50000        4.342899D-02        12
   9.62500        3.529704D-02   9.75000        2.866316D-02        12
   9.87500        2.325985D-02  10.00000        1.886445D-02        12
  10.12500        1.529263D-02  10.25000        1.239248D-02        12
  10.37500        1.003931D-02  10.50000        8.130984D-03        12
  10.62500        6.584101D-03  10.75000        5.330652D-03        12
  10.87500        4.315269D-03  11.00000        3.492929D-03        12
  11.12500        2.827058D-03  11.25000        2.287968D-03        12
  11.37500        1.851573D-03  11.50000        1.498347D-03        12
  11.62500        1.212461D-03  11.75000        9.810941D-04        12
  11.87500        7.938584D-04  12.00000        6.423431D-04        12
  12.12500        5.197378D-04  12.25000        4.205291D-04        12
  12.37500        3.402541D-04  12.50000        2.753005D-04        12
  12.62500        2.227449D-04  12.75000        1.802213D-04        12
  12.87500        1.458152D-04  13.00000        1.179771D-04        12
  13.12500        9.545342D-05  13.25000        7.722968D-05        12
  13.37500        6.248505D-05  13.50000        5.055538D-05        12
  13.62500        4.090328D-05  13.75000        3.309393D-05        12
  13.87500        2.677555D-05  14.00000        2.166347D-05        12
  14.12500        1.752740D-05  14.25000        1.418099D-05        12
  14.37500        1.147350D-05  14.50000        9.282922D-06        12
  14.62500        7.510582D-06  14.75000        6.076624D-06        12
  14.87500        4.916444D-06  15.00000        3.977771D-06        12
  15.12500        3.218314D-06  15.25000        2.603856D-06        12
  15.37500        2.106714D-06  15.50000        1.704489D-06        12
  15.62500        1.379058D-06  15.75000        1.115761D-06        12
  15.87500        9.027338D-07  16.00000        7.303789D-07        12
  16.12500        5.909309D-07  16.25000        4.781071D-07        12
  16.37500        3.868242D-07  16.50000        3.129696D-07        12
  16.62500        2.532157D-07  16.75000        2.048703D-07        12
  16.87500        1.657553D-07  17.00000        1.341084D-07LAST    12
   IMAG. SPIN-ORBIT/TENSOR TRANSITION POTENTIAL *** 1 ***        13
   0.12500       -2.146810D-07   0.25000       -2.653402D-07        13
   0.37500       -3.279533D-07   0.50000       -4.053407D-07        13
   0.62500       -5.009885D-07   0.75000       -6.192047D-07        13
   0.87500       -7.653140D-07   1.00000       -9.458963D-07        13
   1.12500       -1.169084D-06   1.25000       -1.444926D-06        13
   1.37500       -1.785840D-06   1.50000       -2.207173D-06        13
   1.62500       -2.727883D-06   1.75000       -3.371398D-06        13
   1.87500       -4.166659D-06   2.00000       -5.149415D-06        13
   2.12500       -6.363821D-06   2.25000       -7.864406D-06        13
   2.37500       -9.718492D-06   2.50000       -1.200918D-05        13
   2.62500       -1.483901D-05   2.75000       -1.833446D-05        13
   2.87500       -2.265147D-05   3.00000       -2.798217D-05        13
   3.12500       -3.456313D-05   3.25000       -4.268535D-05        13
   3.37500       -5.270639D-05   3.50000       -6.506495D-05        13
   3.62500       -8.029841D-05   3.75000       -9.906348D-05        13
   3.87500       -1.221607D-04   4.00000       -1.505623D-04        13
   4.12500       -1.854445D-04   4.25000       -2.282223D-04        13
   4.37500       -2.805867D-04   4.50000       -3.445412D-04        13
   4.62500       -4.224336D-04   4.75000       -5.169761D-04        13
   4.87500       -6.312437D-04   5.00000       -7.686359D-04        13
   5.12500       -9.327810D-04   5.25000       -1.127357D-03        13
   5.37500       -1.355802D-03   5.50000       -1.620873D-03        13
   5.62500       -1.924048D-03   5.75000       -2.264756D-03        13
   5.87500       -2.639481D-03   6.00000       -3.040859D-03        13
   6.12500       -3.456959D-03   6.25000       -3.871009D-03        13
   6.37500       -4.261897D-03   6.50000       -4.605658D-03        13
   6.62500       -4.877992D-03   6.75000       -5.057514D-03        13
   6.87500       -5.129099D-03   7.00000       -5.086488D-03        13
   7.12500       -4.933423D-03   7.25000       -4.682963D-03        13
   7.37500       -4.355196D-03   7.50000       -3.974005D-03        13
   7.62500       -3.563717D-03   7.75000       -3.146358D-03        13
   7.87500       -2.739890D-03   8.00000       -2.357483D-03        13
   8.12500       -2.007612D-03   8.25000       -1.694691D-03        13
   8.37500       -1.419958D-03   8.50000       -1.182378D-03        13
   8.62500       -9.794574D-04   8.75000       -8.078834D-04        13
   8.87500       -6.640068D-04   9.00000       -5.441654D-04        13
   9.12500       -4.448895D-04   9.25000       -3.630157D-04        13
   9.37500       -2.957376D-04   9.50000       -2.406157D-04        13
   9.62500       -1.955611D-04   9.75000       -1.588065D-04        13
   9.87500       -1.288698D-04  10.00000       -1.045173D-04        13
  10.12500       -8.472786D-05  10.25000       -6.865981D-05        13
  10.37500       -5.562217D-05  10.50000       -4.504922D-05        13
  10.62500       -3.647881D-05  10.75000       -2.953415D-05        13
  10.87500       -2.390848D-05  11.00000       -1.935236D-05        13
  11.12500       -1.566315D-05  11.25000       -1.267635D-05        13
  11.37500       -1.025853D-05  11.50000       -8.301499D-06        13
  11.62500       -6.717568D-06  11.75000       -5.435692D-06        13
  11.87500       -4.398324D-06  12.00000       -3.558863D-06        13
  12.12500       -2.879576D-06  12.25000       -2.329916D-06        13
  12.37500       -1.885157D-06  12.50000       -1.525286D-06        13
  12.62500       -1.234105D-06  12.75000       -9.985054D-07        13
  12.87500       -8.078802D-07  13.00000       -6.536450D-07        13
  13.12500       -5.288538D-07  13.25000       -4.278863D-07        13
  13.37500       -3.461946D-07  13.50000       -2.800990D-07        13
  13.62500       -2.266221D-07  13.75000       -1.833549D-07        13
  13.87500       -1.483483D-07  14.00000       -1.200251D-07        13
  14.12500       -9.710947D-08  14.25000       -7.856893D-08        13
  14.37500       -6.356820D-08  14.50000       -5.143147D-08        13
  14.62500       -4.161192D-08  14.75000       -3.366717D-08        13
  14.87500       -2.723926D-08  15.00000       -2.203860D-08        13
  15.12500       -1.783087D-08  15.25000       -1.442651D-08        13
  15.37500       -1.167212D-08  15.50000       -9.443616D-09        13
  15.62500       -7.640590D-09  15.75000       -6.181806D-09        13
  15.87500       -5.001542D-09  16.00000       -4.046620D-09        13
  16.12500       -3.274017D-09  16.25000       -2.648923D-09        13
  16.37500       -2.143176D-09  16.50000       -1.733989D-09        13
  16.62500       -1.402926D-09  16.75000       -1.135072D-09        13
  16.87500       -9.183574D-10  17.00000       -7.430195D-10LAST    13
