                    *********************************************************************************
                    *  Z= 61 A=148: Positive-Parity Spin-dependent Level Density [MeV-1] for PM148  *
                    *********************************************************************************
 U[MeV]  T[MeV]  NCUMUL   RHOOBS   RHOTOT     J=00     J=01     J=02     J=03     J=04     J=05     J=06     J=07     J=08     J=09     J=10     J=11     J=12     J=13     J=14     J=15     J=16     J=17     J=18     J=19     J=20     J=21     J=22     J=23     J=24     J=25     J=26     J=27     J=28     J=29     J=30     J=31     J=32     J=33     J=34     J=35     J=36     J=37     J=38     J=39     J=40     J=41     J=42     J=43     J=44     J=45     J=46     J=47     J=48     J=49
   0.25  0.136  4.00E+00 2.42E+01 1.25E+02 6.67E+00 2.54E+00 4.45E+00 4.46E+00 4.37E+00 1.67E+00 0.00E+00 0.00E+00 0.00E+00 0.00E+00 0.00E+00 0.00E+00 0.00E+00 0.00E+00 0.00E+00 0.00E+00 0.00E+00 0.00E+00 0.00E+00 0.00E+00 0.00E+00 0.00E+00 0.00E+00 0.00E+00 0.00E+00 0.00E+00 0.00E+00 0.00E+00 0.00E+00 0.00E+00 0.00E+00 0.00E+00 0.00E+00 0.00E+00 0.00E+00 0.00E+00 0.00E+00 0.00E+00 0.00E+00 0.00E+00 0.00E+00 0.00E+00 0.00E+00 0.00E+00 0.00E+00 0.00E+00 0.00E+00 0.00E+00 0.00E+00 0.00E+00
   0.50  0.193  1.00E+01 3.07E+01 2.05E+02 3.33E+00 3.54E+00 5.67E+00 5.30E+00 8.71E+00 3.67E+00 5.00E-01 0.00E+00 0.00E+00 0.00E+00 0.00E+00 0.00E+00 0.00E+00 0.00E+00 0.00E+00 0.00E+00 0.00E+00 0.00E+00 0.00E+00 0.00E+00 0.00E+00 0.00E+00 0.00E+00 0.00E+00 0.00E+00 0.00E+00 0.00E+00 0.00E+00 0.00E+00 0.00E+00 0.00E+00 0.00E+00 0.00E+00 0.00E+00 0.00E+00 0.00E+00 0.00E+00 0.00E+00 0.00E+00 0.00E+00 0.00E+00 0.00E+00 0.00E+00 0.00E+00 0.00E+00 0.00E+00 0.00E+00 0.00E+00 0.00E+00 0.00E+00
   0.75  0.236  2.10E+01 5.22E+01 3.68E+02 7.67E+00 4.24E+00 7.17E+00 9.06E+00 1.27E+01 7.34E+00 3.50E+00 5.00E-01 0.00E+00 0.00E+00 0.00E+00 0.00E+00 0.00E+00 0.00E+00 0.00E+00 0.00E+00 0.00E+00 0.00E+00 0.00E+00 0.00E+00 0.00E+00 0.00E+00 0.00E+00 0.00E+00 0.00E+00 0.00E+00 0.00E+00 0.00E+00 0.00E+00 0.00E+00 0.00E+00 0.00E+00 0.00E+00 0.00E+00 0.00E+00 0.00E+00 0.00E+00 0.00E+00 0.00E+00 0.00E+00 0.00E+00 0.00E+00 0.00E+00 0.00E+00 0.00E+00 0.00E+00 0.00E+00 0.00E+00 0.00E+00 0.00E+00
   1.00  0.273  3.60E+01 7.32E+01 5.27E+02 6.46E+00 8.70E+00 1.73E+01 8.96E+00 1.35E+01 9.67E+00 6.01E+00 2.00E+00 5.00E-01 0.00E+00 0.00E+00 0.00E+00 0.00E+00 0.00E+00 0.00E+00 0.00E+00 0.00E+00 0.00E+00 0.00E+00 0.00E+00 0.00E+00 0.00E+00 0.00E+00 0.00E+00 0.00E+00 0.00E+00 0.00E+00 0.00E+00 0.00E+00 0.00E+00 0.00E+00 0.00E+00 0.00E+00 0.00E+00 0.00E+00 0.00E+00 0.00E+00 0.00E+00 0.00E+00 0.00E+00 0.00E+00 0.00E+00 0.00E+00 0.00E+00 0.00E+00 0.00E+00 0.00E+00 0.00E+00 0.00E+00 0.00E+00
   1.25  0.305  6.00E+01 1.15E+02 8.23E+02 1.73E+01 1.35E+01 2.33E+01 1.22E+01 1.77E+01 1.26E+01 1.07E+01 5.00E+00 3.00E+00 0.00E+00 0.00E+00 0.00E+00 0.00E+00 0.00E+00 0.00E+00 0.00E+00 0.00E+00 0.00E+00 0.00E+00 0.00E+00 0.00E+00 0.00E+00 0.00E+00 0.00E+00 0.00E+00 0.00E+00 0.00E+00 0.00E+00 0.00E+00 0.00E+00 0.00E+00 0.00E+00 0.00E+00 0.00E+00 0.00E+00 0.00E+00 0.00E+00 0.00E+00 0.00E+00 0.00E+00 0.00E+00 0.00E+00 0.00E+00 0.00E+00 0.00E+00 0.00E+00 0.00E+00 0.00E+00 0.00E+00 0.00E+00
   1.50  0.334  9.30E+01 1.49E+02 1.08E+03 2.51E+01 1.10E+01 3.19E+01 1.98E+01 1.87E+01 1.68E+01 1.27E+01 8.01E+00 4.50E+00 5.00E-01 0.00E+00 0.00E+00 0.00E+00 0.00E+00 0.00E+00 0.00E+00 0.00E+00 0.00E+00 0.00E+00 0.00E+00 0.00E+00 0.00E+00 0.00E+00 0.00E+00 0.00E+00 0.00E+00 0.00E+00 0.00E+00 0.00E+00 0.00E+00 0.00E+00 0.00E+00 0.00E+00 0.00E+00 0.00E+00 0.00E+00 0.00E+00 0.00E+00 0.00E+00 0.00E+00 0.00E+00 0.00E+00 0.00E+00 0.00E+00 0.00E+00 0.00E+00 0.00E+00 0.00E+00 0.00E+00 0.00E+00
   1.75  0.361  1.41E+02 2.33E+02 1.77E+03 3.23E+01 1.96E+01 4.15E+01 3.54E+01 4.32E+01 1.86E+01 1.75E+01 1.22E+01 9.01E+00 3.00E+00 5.00E-01 0.00E+00 0.00E+00 0.00E+00 0.00E+00 0.00E+00 0.00E+00 0.00E+00 0.00E+00 0.00E+00 0.00E+00 0.00E+00 0.00E+00 0.00E+00 0.00E+00 0.00E+00 0.00E+00 0.00E+00 0.00E+00 0.00E+00 0.00E+00 0.00E+00 0.00E+00 0.00E+00 0.00E+00 0.00E+00 0.00E+00 0.00E+00 0.00E+00 0.00E+00 0.00E+00 0.00E+00 0.00E+00 0.00E+00 0.00E+00 0.00E+00 0.00E+00 0.00E+00 0.00E+00 0.00E+00
   2.00  0.386  2.11E+02 3.27E+02 2.49E+03 3.22E+01 3.56E+01 6.65E+01 5.06E+01 6.29E+01 2.65E+01 2.04E+01 1.42E+01 1.15E+01 5.00E+00 2.00E+00 0.00E+00 0.00E+00 0.00E+00 0.00E+00 0.00E+00 0.00E+00 0.00E+00 0.00E+00 0.00E+00 0.00E+00 0.00E+00 0.00E+00 0.00E+00 0.00E+00 0.00E+00 0.00E+00 0.00E+00 0.00E+00 0.00E+00 0.00E+00 0.00E+00 0.00E+00 0.00E+00 0.00E+00 0.00E+00 0.00E+00 0.00E+00 0.00E+00 0.00E+00 0.00E+00 0.00E+00 0.00E+00 0.00E+00 0.00E+00 0.00E+00 0.00E+00 0.00E+00 0.00E+00 0.00E+00
   2.25  0.409  3.25E+02 5.83E+02 4.40E+03 7.42E+01 5.59E+01 1.07E+02 9.06E+01 1.10E+02 5.57E+01 3.94E+01 1.49E+01 1.95E+01 1.12E+01 4.50E+00 5.00E-01 0.00E+00 0.00E+00 0.00E+00 0.00E+00 0.00E+00 0.00E+00 0.00E+00 0.00E+00 0.00E+00 0.00E+00 0.00E+00 0.00E+00 0.00E+00 0.00E+00 0.00E+00 0.00E+00 0.00E+00 0.00E+00 0.00E+00 0.00E+00 0.00E+00 0.00E+00 0.00E+00 0.00E+00 0.00E+00 0.00E+00 0.00E+00 0.00E+00 0.00E+00 0.00E+00 0.00E+00 0.00E+00 0.00E+00 0.00E+00 0.00E+00 0.00E+00 0.00E+00 0.00E+00
   2.50  0.431  5.09E+02 8.96E+02 6.78E+03 9.69E+01 9.13E+01 1.80E+02 1.39E+02 1.53E+02 1.02E+02 6.47E+01 2.48E+01 2.20E+01 1.22E+01 8.51E+00 2.00E+00 0.00E+00 0.00E+00 0.00E+00 0.00E+00 0.00E+00 0.00E+00 0.00E+00 0.00E+00 0.00E+00 0.00E+00 0.00E+00 0.00E+00 0.00E+00 0.00E+00 0.00E+00 0.00E+00 0.00E+00 0.00E+00 0.00E+00 0.00E+00 0.00E+00 0.00E+00 0.00E+00 0.00E+00 0.00E+00 0.00E+00 0.00E+00 0.00E+00 0.00E+00 0.00E+00 0.00E+00 0.00E+00 0.00E+00 0.00E+00 0.00E+00 0.00E+00 0.00E+00 0.00E+00
   2.75  0.452  8.32E+02 1.68E+03 1.31E+04 1.65E+02 1.45E+02 3.20E+02 2.85E+02 3.11E+02 1.82E+02 1.42E+02 5.89E+01 3.78E+01 1.73E+01 1.20E+01 5.00E+00 5.00E-01 0.00E+00 0.00E+00 0.00E+00 0.00E+00 0.00E+00 0.00E+00 0.00E+00 0.00E+00 0.00E+00 0.00E+00 0.00E+00 0.00E+00 0.00E+00 0.00E+00 0.00E+00 0.00E+00 0.00E+00 0.00E+00 0.00E+00 0.00E+00 0.00E+00 0.00E+00 0.00E+00 0.00E+00 0.00E+00 0.00E+00 0.00E+00 0.00E+00 0.00E+00 0.00E+00 0.00E+00 0.00E+00 0.00E+00 0.00E+00 0.00E+00 0.00E+00 0.00E+00
   3.00  0.472  1.37E+03 2.60E+03 2.08E+04 2.14E+02 2.20E+02 4.88E+02 4.30E+02 4.85E+02 3.08E+02 2.45E+02 1.04E+02 5.68E+01 2.10E+01 1.57E+01 8.01E+00 3.00E+00 0.00E+00 0.00E+00 0.00E+00 0.00E+00 0.00E+00 0.00E+00 0.00E+00 0.00E+00 0.00E+00 0.00E+00 0.00E+00 0.00E+00 0.00E+00 0.00E+00 0.00E+00 0.00E+00 0.00E+00 0.00E+00 0.00E+00 0.00E+00 0.00E+00 0.00E+00 0.00E+00 0.00E+00 0.00E+00 0.00E+00 0.00E+00 0.00E+00 0.00E+00 0.00E+00 0.00E+00 0.00E+00 0.00E+00 0.00E+00 0.00E+00 0.00E+00 0.00E+00
   3.25  0.491  2.28E+03 4.71E+03 3.93E+04 3.56E+02 3.55E+02 8.20E+02 7.37E+02 8.98E+02 6.03E+02 4.87E+02 2.35E+02 1.28E+02 4.80E+01 2.40E+01 1.38E+01 6.01E+00 5.00E-01 0.00E+00 0.00E+00 0.00E+00 0.00E+00 0.00E+00 0.00E+00 0.00E+00 0.00E+00 0.00E+00 0.00E+00 0.00E+00 0.00E+00 0.00E+00 0.00E+00 0.00E+00 0.00E+00 0.00E+00 0.00E+00 0.00E+00 0.00E+00 0.00E+00 0.00E+00 0.00E+00 0.00E+00 0.00E+00 0.00E+00 0.00E+00 0.00E+00 0.00E+00 0.00E+00 0.00E+00 0.00E+00 0.00E+00 0.00E+00 0.00E+00 0.00E+00
   3.50  0.510  3.72E+03 6.83E+03 5.86E+04 4.80E+02 4.70E+02 1.17E+03 1.04E+03 1.26E+03 9.27E+02 7.39E+02 3.83E+02 2.11E+02 8.19E+01 3.74E+01 2.08E+01 9.01E+00 1.50E+00 0.00E+00 0.00E+00 0.00E+00 0.00E+00 0.00E+00 0.00E+00 0.00E+00 0.00E+00 0.00E+00 0.00E+00 0.00E+00 0.00E+00 0.00E+00 0.00E+00 0.00E+00 0.00E+00 0.00E+00 0.00E+00 0.00E+00 0.00E+00 0.00E+00 0.00E+00 0.00E+00 0.00E+00 0.00E+00 0.00E+00 0.00E+00 0.00E+00 0.00E+00 0.00E+00 0.00E+00 0.00E+00 0.00E+00 0.00E+00 0.00E+00 0.00E+00
   3.75  0.528  6.02E+03 1.16E+04 1.03E+05 7.82E+02 7.78E+02 1.85E+03 1.71E+03 2.07E+03 1.50E+03 1.36E+03 7.27E+02 4.68E+02 2.00E+02 7.52E+01 2.97E+01 1.37E+01 4.50E+00 5.00E-01 0.00E+00 0.00E+00 0.00E+00 0.00E+00 0.00E+00 0.00E+00 0.00E+00 0.00E+00 0.00E+00 0.00E+00 0.00E+00 0.00E+00 0.00E+00 0.00E+00 0.00E+00 0.00E+00 0.00E+00 0.00E+00 0.00E+00 0.00E+00 0.00E+00 0.00E+00 0.00E+00 0.00E+00 0.00E+00 0.00E+00 0.00E+00 0.00E+00 0.00E+00 0.00E+00 0.00E+00 0.00E+00 0.00E+00 0.00E+00 0.00E+00
   4.00  0.545  9.52E+03 1.64E+04 1.48E+05 1.09E+03 1.12E+03 2.64E+03 2.35E+03 2.82E+03 2.08E+03 1.94E+03 1.12E+03 7.63E+02 3.10E+02 1.30E+02 4.59E+01 2.14E+01 7.01E+00 2.00E+00 0.00E+00 0.00E+00 0.00E+00 0.00E+00 0.00E+00 0.00E+00 0.00E+00 0.00E+00 0.00E+00 0.00E+00 0.00E+00 0.00E+00 0.00E+00 0.00E+00 0.00E+00 0.00E+00 0.00E+00 0.00E+00 0.00E+00 0.00E+00 0.00E+00 0.00E+00 0.00E+00 0.00E+00 0.00E+00 0.00E+00 0.00E+00 0.00E+00 0.00E+00 0.00E+00 0.00E+00 0.00E+00 0.00E+00 0.00E+00 0.00E+00
   4.25  0.562  1.50E+04 2.73E+04 2.52E+05 1.68E+03 1.78E+03 4.27E+03 3.77E+03 4.66E+03 3.41E+03 3.20E+03 2.00E+03 1.44E+03 6.36E+02 2.82E+02 9.29E+01 3.49E+01 1.43E+01 4.50E+00 0.00E+00 0.00E+00 0.00E+00 0.00E+00 0.00E+00 0.00E+00 0.00E+00 0.00E+00 0.00E+00 0.00E+00 0.00E+00 0.00E+00 0.00E+00 0.00E+00 0.00E+00 0.00E+00 0.00E+00 0.00E+00 0.00E+00 0.00E+00 0.00E+00 0.00E+00 0.00E+00 0.00E+00 0.00E+00 0.00E+00 0.00E+00 0.00E+00 0.00E+00 0.00E+00 0.00E+00 0.00E+00 0.00E+00 0.00E+00 0.00E+00
   4.50  0.578  2.32E+04 3.82E+04 3.58E+05 2.21E+03 2.39E+03 5.93E+03 5.27E+03 6.50E+03 4.83E+03 4.43E+03 2.81E+03 2.11E+03 1.00E+03 4.56E+02 1.65E+02 5.99E+01 2.07E+01 8.51E+00 5.00E-01 0.00E+00 0.00E+00 0.00E+00 0.00E+00 0.00E+00 0.00E+00 0.00E+00 0.00E+00 0.00E+00 0.00E+00 0.00E+00 0.00E+00 0.00E+00 0.00E+00 0.00E+00 0.00E+00 0.00E+00 0.00E+00 0.00E+00 0.00E+00 0.00E+00 0.00E+00 0.00E+00 0.00E+00 0.00E+00 0.00E+00 0.00E+00 0.00E+00 0.00E+00 0.00E+00 0.00E+00 0.00E+00 0.00E+00 0.00E+00
   4.75  0.594  3.59E+04 6.34E+04 6.04E+05 3.59E+03 3.90E+03 9.50E+03 8.65E+03 1.08E+04 7.98E+03 7.40E+03 4.59E+03 3.58E+03 1.91E+03 9.52E+02 3.76E+02 1.26E+02 3.89E+01 1.48E+01 2.50E+00 0.00E+00 0.00E+00 0.00E+00 0.00E+00 0.00E+00 0.00E+00 0.00E+00 0.00E+00 0.00E+00 0.00E+00 0.00E+00 0.00E+00 0.00E+00 0.00E+00 0.00E+00 0.00E+00 0.00E+00 0.00E+00 0.00E+00 0.00E+00 0.00E+00 0.00E+00 0.00E+00 0.00E+00 0.00E+00 0.00E+00 0.00E+00 0.00E+00 0.00E+00 0.00E+00 0.00E+00 0.00E+00 0.00E+00 0.00E+00
   5.00  0.610  5.50E+04 8.94E+04 8.58E+05 4.99E+03 5.45E+03 1.34E+04 1.21E+04 1.50E+04 1.13E+04 1.04E+04 6.51E+03 5.06E+03 2.82E+03 1.53E+03 6.12E+02 2.11E+02 5.99E+01 2.12E+01 5.00E+00 0.00E+00 0.00E+00 0.00E+00 0.00E+00 0.00E+00 0.00E+00 0.00E+00 0.00E+00 0.00E+00 0.00E+00 0.00E+00 0.00E+00 0.00E+00 0.00E+00 0.00E+00 0.00E+00 0.00E+00 0.00E+00 0.00E+00 0.00E+00 0.00E+00 0.00E+00 0.00E+00 0.00E+00 0.00E+00 0.00E+00 0.00E+00 0.00E+00 0.00E+00 0.00E+00 0.00E+00 0.00E+00 0.00E+00 0.00E+00
   5.50  0.639  1.30E+05 2.12E+05 2.06E+06 1.18E+04 1.26E+04 3.12E+04 2.82E+04 3.48E+04 2.65E+04 2.45E+04 1.58E+04 1.22E+04 6.89E+03 4.15E+03 1.91E+03 7.68E+02 2.33E+02 7.94E+01 2.50E+01 5.67E+00 0.00E+00 0.00E+00 0.00E+00 0.00E+00 0.00E+00 0.00E+00 0.00E+00 0.00E+00 0.00E+00 0.00E+00 0.00E+00 0.00E+00 0.00E+00 0.00E+00 0.00E+00 0.00E+00 0.00E+00 0.00E+00 0.00E+00 0.00E+00 0.00E+00 0.00E+00 0.00E+00 0.00E+00 0.00E+00 0.00E+00 0.00E+00 0.00E+00 0.00E+00 0.00E+00 0.00E+00 0.00E+00 0.00E+00
   6.00  0.668  3.06E+05 4.93E+05 4.89E+06 2.64E+04 2.83E+04 7.04E+04 6.43E+04 8.01E+04 6.15E+04 5.78E+04 3.78E+04 2.94E+04 1.71E+04 1.04E+04 5.29E+03 2.54E+03 8.95E+02 2.89E+02 8.12E+01 2.23E+01 3.83E+00 0.00E+00 0.00E+00 0.00E+00 0.00E+00 0.00E+00 0.00E+00 0.00E+00 0.00E+00 0.00E+00 0.00E+00 0.00E+00 0.00E+00 0.00E+00 0.00E+00 0.00E+00 0.00E+00 0.00E+00 0.00E+00 0.00E+00 0.00E+00 0.00E+00 0.00E+00 0.00E+00 0.00E+00 0.00E+00 0.00E+00 0.00E+00 0.00E+00 0.00E+00 0.00E+00 0.00E+00 0.00E+00
   6.50  0.695  7.09E+05 1.12E+06 1.14E+07 5.70E+04 6.13E+04 1.54E+05 1.42E+05 1.80E+05 1.40E+05 1.33E+05 8.85E+04 7.04E+04 4.17E+04 2.59E+04 1.37E+04 7.07E+03 2.93E+03 1.05E+03 3.13E+02 1.04E+02 2.85E+01 4.50E+00 0.00E+00 0.00E+00 0.00E+00 0.00E+00 0.00E+00 0.00E+00 0.00E+00 0.00E+00 0.00E+00 0.00E+00 0.00E+00 0.00E+00 0.00E+00 0.00E+00 0.00E+00 0.00E+00 0.00E+00 0.00E+00 0.00E+00 0.00E+00 0.00E+00 0.00E+00 0.00E+00 0.00E+00 0.00E+00 0.00E+00 0.00E+00 0.00E+00 0.00E+00 0.00E+00 0.00E+00
   7.00  0.721  1.61E+06 2.48E+06 2.57E+07 1.23E+05 1.32E+05 3.33E+05 3.06E+05 3.88E+05 3.07E+05 2.96E+05 2.03E+05 1.64E+05 9.97E+04 6.32E+04 3.42E+04 1.82E+04 8.52E+03 3.48E+03 1.17E+03 3.83E+02 1.23E+02 3.83E+01 4.00E+00 0.00E+00 0.00E+00 0.00E+00 0.00E+00 0.00E+00 0.00E+00 0.00E+00 0.00E+00 0.00E+00 0.00E+00 0.00E+00 0.00E+00 0.00E+00 0.00E+00 0.00E+00 0.00E+00 0.00E+00 0.00E+00 0.00E+00 0.00E+00 0.00E+00 0.00E+00 0.00E+00 0.00E+00 0.00E+00 0.00E+00 0.00E+00 0.00E+00 0.00E+00 0.00E+00
   7.50  0.747  3.59E+06 5.44E+06 5.74E+07 2.63E+05 2.81E+05 7.14E+05 6.58E+05 8.40E+05 6.68E+05 6.45E+05 4.50E+05 3.74E+05 2.32E+05 1.51E+05 8.42E+04 4.62E+04 2.26E+04 1.03E+04 3.82E+03 1.31E+03 4.28E+02 1.38E+02 3.53E+01 5.83E+00 0.00E+00 0.00E+00 0.00E+00 0.00E+00 0.00E+00 0.00E+00 0.00E+00 0.00E+00 0.00E+00 0.00E+00 0.00E+00 0.00E+00 0.00E+00 0.00E+00 0.00E+00 0.00E+00 0.00E+00 0.00E+00 0.00E+00 0.00E+00 0.00E+00 0.00E+00 0.00E+00 0.00E+00 0.00E+00 0.00E+00 0.00E+00 0.00E+00 0.00E+00
   8.00  0.771  7.90E+06 1.18E+07 1.27E+08 5.52E+05 5.85E+05 1.51E+06 1.40E+06 1.80E+06 1.44E+06 1.40E+06 9.86E+05 8.28E+05 5.26E+05 3.54E+05 2.02E+05 1.13E+05 5.77E+04 2.75E+04 1.17E+04 4.53E+03 1.53E+03 5.31E+02 1.48E+02 3.03E+01 5.83E+00 0.00E+00 0.00E+00 0.00E+00 0.00E+00 0.00E+00 0.00E+00 0.00E+00 0.00E+00 0.00E+00 0.00E+00 0.00E+00 0.00E+00 0.00E+00 0.00E+00 0.00E+00 0.00E+00 0.00E+00 0.00E+00 0.00E+00 0.00E+00 0.00E+00 0.00E+00 0.00E+00 0.00E+00 0.00E+00 0.00E+00 0.00E+00 0.00E+00
   8.50  0.795  1.73E+07 2.56E+07 2.79E+08 1.18E+06 1.25E+06 3.23E+06 2.99E+06 3.86E+06 3.09E+06 3.03E+06 2.16E+06 1.83E+06 1.17E+06 8.05E+05 4.78E+05 2.77E+05 1.46E+05 7.22E+04 3.23E+04 1.41E+04 5.18E+03 1.61E+03 4.76E+02 1.68E+02 4.78E+01 1.17E+01 1.17E+00 0.00E+00 0.00E+00 0.00E+00 0.00E+00 0.00E+00 0.00E+00 0.00E+00 0.00E+00 0.00E+00 0.00E+00 0.00E+00 0.00E+00 0.00E+00 0.00E+00 0.00E+00 0.00E+00 0.00E+00 0.00E+00 0.00E+00 0.00E+00 0.00E+00 0.00E+00 0.00E+00 0.00E+00 0.00E+00 0.00E+00
   9.00  0.818  3.75E+07 5.52E+07 6.09E+08 2.48E+06 2.62E+06 6.82E+06 6.33E+06 8.22E+06 6.63E+06 6.54E+06 4.70E+06 4.02E+06 2.60E+06 1.81E+06 1.10E+06 6.59E+05 3.60E+05 1.84E+05 8.63E+04 4.01E+04 1.56E+04 4.98E+03 1.67E+03 5.83E+02 2.10E+02 5.60E+01 1.05E+01 2.33E+00 0.00E+00 0.00E+00 0.00E+00 0.00E+00 0.00E+00 0.00E+00 0.00E+00 0.00E+00 0.00E+00 0.00E+00 0.00E+00 0.00E+00 0.00E+00 0.00E+00 0.00E+00 0.00E+00 0.00E+00 0.00E+00 0.00E+00 0.00E+00 0.00E+00 0.00E+00 0.00E+00 0.00E+00 0.00E+00
   9.50  0.840  8.07E+07 1.18E+08 1.31E+09 5.15E+06 5.44E+06 1.42E+07 1.32E+07 1.73E+07 1.40E+07 1.39E+07 1.01E+07 8.73E+06 5.73E+06 4.05E+06 2.49E+06 1.53E+06 8.65E+05 4.58E+05 2.23E+05 1.08E+05 3.83E+04 1.44E+04 5.37E+03 1.95E+03 7.36E+02 2.53E+02 8.40E+01 4.06E+01 3.50E+00 0.00E+00 0.00E+00 0.00E+00 0.00E+00 0.00E+00 0.00E+00 0.00E+00 0.00E+00 0.00E+00 0.00E+00 0.00E+00 0.00E+00 0.00E+00 0.00E+00 0.00E+00 0.00E+00 0.00E+00 0.00E+00 0.00E+00 0.00E+00 0.00E+00 0.00E+00 0.00E+00 0.00E+00
  10.00  0.862  1.72E+08 2.48E+08 2.81E+09 1.07E+07 1.12E+07 2.94E+07 2.74E+07 3.59E+07 2.93E+07 2.93E+07 2.15E+07 1.88E+07 1.25E+07 8.90E+06 5.57E+06 3.48E+06 2.02E+06 1.11E+06 5.62E+05 2.39E+05 9.26E+04 3.82E+04 1.62E+04 6.62E+03 2.55E+03 9.51E+02 3.42E+02 9.68E+01 5.64E+01 3.50E+00 0.00E+00 0.00E+00 0.00E+00 0.00E+00 0.00E+00 0.00E+00 0.00E+00 0.00E+00 0.00E+00 0.00E+00 0.00E+00 0.00E+00 0.00E+00 0.00E+00 0.00E+00 0.00E+00 0.00E+00 0.00E+00 0.00E+00 0.00E+00 0.00E+00 0.00E+00 0.00E+00
  11.00  0.904  8.35E+08 1.08E+09 1.25E+10 4.48E+07 4.70E+07 1.24E+08 1.16E+08 1.53E+08 1.26E+08 1.27E+08 9.44E+07 8.36E+07 5.69E+07 4.17E+07 2.69E+07 1.74E+07 1.06E+07 5.49E+06 2.43E+06 1.12E+06 5.15E+05 2.45E+05 1.19E+05 5.64E+04 2.58E+04 1.08E+04 4.18E+03 1.50E+03 5.39E+02 1.64E+02 3.38E+01 5.83E+00 0.00E+00 0.00E+00 0.00E+00 0.00E+00 0.00E+00 0.00E+00 0.00E+00 0.00E+00 0.00E+00 0.00E+00 0.00E+00 0.00E+00 0.00E+00 0.00E+00 0.00E+00 0.00E+00 0.00E+00 0.00E+00 0.00E+00 0.00E+00 0.00E+00
  12.00  0.944  3.65E+09 4.55E+09 5.32E+10 1.84E+08 1.93E+08 5.10E+08 4.79E+08 6.35E+08 5.26E+08 5.36E+08 4.04E+08 3.62E+08 2.51E+08 1.87E+08 1.24E+08 7.84E+07 3.91E+07 1.94E+07 9.65E+06 5.05E+06 2.67E+06 1.45E+06 7.71E+05 4.01E+05 2.00E+05 9.54E+04 4.28E+04 1.77E+04 6.67E+03 2.40E+03 8.40E+02 2.48E+02 7.70E+01 0.00E+00 0.00E+00 0.00E+00 0.00E+00 0.00E+00 0.00E+00 0.00E+00 0.00E+00 0.00E+00 0.00E+00 0.00E+00 0.00E+00 0.00E+00 0.00E+00 0.00E+00 0.00E+00 0.00E+00 0.00E+00 0.00E+00 0.00E+00
  13.00  0.983  1.52E+10 1.85E+10 2.14E+11 7.55E+08 7.89E+08 2.07E+09 1.94E+09 2.59E+09 2.17E+09 2.21E+09 1.68E+09 1.53E+09 1.08E+09 7.58E+08 4.11E+08 2.33E+08 1.25E+08 7.09E+07 3.92E+07 2.30E+07 1.34E+07 7.96E+06 4.59E+06 2.58E+06 1.39E+06 7.14E+05 3.50E+05 1.63E+05 7.16E+04 2.91E+04 1.10E+04 3.84E+03 1.89E+03 0.00E+00 0.00E+00 0.00E+00 0.00E+00 0.00E+00 0.00E+00 0.00E+00 0.00E+00 0.00E+00 0.00E+00 0.00E+00 0.00E+00 0.00E+00 0.00E+00 0.00E+00 0.00E+00 0.00E+00 0.00E+00 0.00E+00 0.00E+00
  14.00  1.020  5.84E+10 6.81E+10 7.50E+11 2.96E+09 3.09E+09 8.13E+09 7.66E+09 1.02E+10 8.60E+09 8.87E+09 6.19E+09 4.84E+09 2.80E+09 1.87E+09 1.07E+09 6.79E+08 3.92E+08 2.52E+08 1.55E+08 1.00E+08 6.33E+07 3.99E+07 2.44E+07 1.45E+07 8.34E+06 4.59E+06 2.42E+06 1.21E+06 5.79E+05 2.64E+05 1.14E+05 4.53E+04 2.55E+04 0.00E+00 0.00E+00 0.00E+00 0.00E+00 0.00E+00 0.00E+00 0.00E+00 0.00E+00 0.00E+00 0.00E+00 0.00E+00 0.00E+00 0.00E+00 0.00E+00 0.00E+00 0.00E+00 0.00E+00 0.00E+00 0.00E+00 0.00E+00
  15.00  1.056  1.48E+11 1.12E+11 1.10E+12 6.66E+09 6.93E+09 1.89E+10 1.60E+10 1.82E+10 1.09E+10 1.15E+10 6.45E+09 5.76E+09 3.03E+09 2.51E+09 1.51E+09 1.12E+09 7.21E+08 5.13E+08 3.43E+08 2.38E+08 1.59E+08 1.05E+08 6.71E+07 4.15E+07 2.48E+07 1.42E+07 7.84E+06 4.15E+06 2.09E+06 1.01E+06 4.65E+05 2.01E+05 1.30E+05 0.00E+00 0.00E+00 0.00E+00 0.00E+00 0.00E+00 0.00E+00 0.00E+00 0.00E+00 0.00E+00 0.00E+00 0.00E+00 0.00E+00 0.00E+00 0.00E+00 0.00E+00 0.00E+00 0.00E+00 0.00E+00 0.00E+00 0.00E+00
  16.00  1.090  3.03E+11 1.98E+11 1.75E+12 1.50E+10 1.55E+10 4.38E+10 3.35E+10 3.23E+10 1.38E+10 1.50E+10 6.71E+09 6.86E+09 3.28E+09 3.36E+09 2.13E+09 1.86E+09 1.33E+09 1.05E+09 7.63E+08 5.67E+08 4.00E+08 2.78E+08 1.84E+08 1.19E+08 7.35E+07 4.40E+07 2.55E+07 1.42E+07 7.57E+06 3.86E+06 1.90E+06 8.96E+05 6.66E+05 0.00E+00 0.00E+00 0.00E+00 0.00E+00 0.00E+00 0.00E+00 0.00E+00 0.00E+00 0.00E+00 0.00E+00 0.00E+00 0.00E+00 0.00E+00 0.00E+00 0.00E+00 0.00E+00 0.00E+00 0.00E+00 0.00E+00 0.00E+00
  17.00  1.124  5.90E+11 3.75E+11 3.00E+12 3.36E+10 3.49E+10 1.02E+11 7.01E+10 5.75E+10 1.75E+10 1.95E+10 6.98E+09 8.17E+09 3.55E+09 4.50E+09 3.01E+09 3.07E+09 2.44E+09 2.13E+09 1.69E+09 1.35E+09 1.01E+09 7.35E+08 5.06E+08 3.39E+08 2.18E+08 1.36E+08 8.26E+07 4.86E+07 2.74E+07 1.48E+07 7.75E+06 3.99E+06 3.41E+06 0.00E+00 0.00E+00 0.00E+00 0.00E+00 0.00E+00 0.00E+00 0.00E+00 0.00E+00 0.00E+00 0.00E+00 0.00E+00 0.00E+00 0.00E+00 0.00E+00 0.00E+00 0.00E+00 0.00E+00 0.00E+00 0.00E+00 0.00E+00
  18.00  1.157  1.15E+12 7.47E+11 5.51E+12 7.56E+10 7.82E+10 2.36E+11 1.47E+11 1.02E+11 2.21E+10 2.54E+10 7.26E+09 9.73E+09 3.84E+09 6.02E+09 4.25E+09 5.09E+09 4.49E+09 4.33E+09 3.76E+09 3.21E+09 2.54E+09 1.94E+09 1.39E+09 9.68E+08 6.49E+08 4.22E+08 2.68E+08 1.66E+08 9.91E+07 5.65E+07 3.16E+07 1.77E+07 1.74E+07 0.00E+00 0.00E+00 0.00E+00 0.00E+00 0.00E+00 0.00E+00 0.00E+00 0.00E+00 0.00E+00 0.00E+00 0.00E+00 0.00E+00 0.00E+00 0.00E+00 0.00E+00 0.00E+00 0.00E+00 0.00E+00 0.00E+00 0.00E+00
  19.00  1.188  2.30E+12 1.55E+12 1.08E+13 1.70E+11 1.75E+11 5.49E+11 3.07E+11 1.82E+11 2.80E+10 3.30E+10 7.55E+09 1.16E+10 4.15E+09 8.06E+09 6.00E+09 8.41E+09 8.25E+09 8.82E+09 8.35E+09 7.63E+09 6.38E+09 5.13E+09 3.82E+09 2.77E+09 1.93E+09 1.31E+09 8.70E+08 5.70E+08 3.58E+08 2.16E+08 1.29E+08 7.89E+07 8.90E+07 0.00E+00 0.00E+00 0.00E+00 0.00E+00 0.00E+00 0.00E+00 0.00E+00 0.00E+00 0.00E+00 0.00E+00 0.00E+00 0.00E+00 0.00E+00 0.00E+00 0.00E+00 0.00E+00 0.00E+00 0.00E+00 0.00E+00 0.00E+00
  20.00  1.219  4.72E+12 3.29E+12 2.22E+13 3.82E+11 3.93E+11 1.28E+12 6.42E+11 3.23E+11 3.55E+10 4.30E+10 7.86E+09 1.38E+10 4.49E+09 1.08E+10 8.47E+09 1.39E+10 1.52E+10 1.80E+10 1.85E+10 1.82E+10 1.60E+10 1.36E+10 1.05E+10 7.90E+09 5.73E+09 4.04E+09 2.82E+09 1.95E+09 1.30E+09 8.26E+08 5.26E+08 3.51E+08 4.55E+08 0.00E+00 0.00E+00 0.00E+00 0.00E+00 0.00E+00 0.00E+00 0.00E+00 0.00E+00 0.00E+00 0.00E+00 0.00E+00 0.00E+00 0.00E+00 0.00E+00 0.00E+00 0.00E+00 0.00E+00 0.00E+00 0.00E+00 0.00E+00
  22.50  1.293  3.81E+13 2.34E+13 1.62E+14 2.89E+12 2.96E+12 1.05E+13 4.06E+12 1.36E+12 6.40E+10 8.29E+10 8.67E+09 2.13E+10 5.46E+09 2.24E+10 2.01E+10 4.90E+10 6.96E+10 1.06E+11 1.36E+11 1.58E+11 1.61E+11 1.54E+11 1.31E+11 1.09E+11 8.71E+10 6.81E+10 5.36E+10 4.24E+10 3.23E+10 2.37E+10 1.77E+10 1.46E+10 2.69E+10 0.00E+00 0.00E+00 0.00E+00 0.00E+00 0.00E+00 0.00E+00 0.00E+00 0.00E+00 0.00E+00 0.00E+00 0.00E+00 0.00E+00 0.00E+00 0.00E+00 0.00E+00 0.00E+00 0.00E+00 0.00E+00 0.00E+00 0.00E+00
  25.00  1.363  2.94E+14 1.81E+14 1.55E+15 2.19E+13 2.23E+13 8.62E+13 2.57E+13 5.75E+12 1.15E+11 1.60E+11 9.57E+09 3.30E+10 6.65E+09 4.65E+10 4.75E+10 1.73E+11 3.19E+11 6.28E+11 1.00E+12 1.38E+12 1.62E+12 1.74E+12 1.64E+12 1.50E+12 1.32E+12 1.15E+12 1.02E+12 9.19E+11 8.03E+11 6.77E+11 5.95E+11 6.11E+11 1.59E+12 0.00E+00 0.00E+00 0.00E+00 0.00E+00 0.00E+00 0.00E+00 0.00E+00 0.00E+00 0.00E+00 0.00E+00 0.00E+00 0.00E+00 0.00E+00 0.00E+00 0.00E+00 0.00E+00 0.00E+00 0.00E+00 0.00E+00 0.00E+00
  30.00  1.493  5.16E+16 2.03E+16 6.29E+17 1.25E+15 1.27E+15 5.82E+15 1.03E+15 1.02E+14 3.76E+11 5.96E+11 1.17E+10 7.90E+10 9.85E+09 2.00E+11 2.66E+11 2.14E+12 6.72E+12 2.20E+13 5.39E+13 1.05E+14 1.63E+14 2.24E+14 2.56E+14 2.86E+14 3.06E+14 3.27E+14 3.66E+14 4.33E+14 4.98E+14 5.55E+14 6.73E+14 1.06E+15 5.53E+15 0.00E+00 0.00E+00 0.00E+00 0.00E+00 0.00E+00 0.00E+00 0.00E+00 0.00E+00 0.00E+00 0.00E+00 0.00E+00 0.00E+00 0.00E+00 0.00E+00 0.00E+00 0.00E+00 0.00E+00 0.00E+00 0.00E+00 0.00E+00
  40.00  1.724  1.87E+20 3.73E+19 1.89E+20 4.11E+18 4.09E+18 2.66E+19 1.65E+18 3.23E+16 3.98E+12 8.27E+12 1.73E+10 4.53E+11 2.16E+10 3.72E+12 8.37E+12 3.29E+14 2.97E+15 2.69E+16 1.57E+17 6.10E+17 4.86E+14 6.70E+14 7.66E+14 8.54E+14 9.16E+14 9.78E+14 1.10E+15 1.30E+15 1.49E+15 1.66E+15 2.02E+15 3.19E+15 1.66E+16 0.00E+00 0.00E+00 0.00E+00 0.00E+00 0.00E+00 0.00E+00 0.00E+00 0.00E+00 0.00E+00 0.00E+00 0.00E+00 0.00E+00 0.00E+00 0.00E+00 0.00E+00 0.00E+00 0.00E+00 0.00E+00 0.00E+00 0.00E+00
  50.00  1.928  7.46E+20 7.46E+19 3.79E+20 8.21E+18 8.18E+18 5.31E+19 3.30E+18 6.45E+16 4.22E+13 1.15E+14 2.58E+10 2.59E+12 4.74E+10 6.89E+13 2.63E+14 6.56E+14 5.94E+15 5.38E+16 3.14E+17 1.22E+18 1.45E+15 2.00E+15 2.29E+15 2.55E+15 2.74E+15 2.93E+15 3.28E+15 3.89E+15 4.47E+15 4.98E+15 6.05E+15 9.57E+15 4.98E+16 0.00E+00 0.00E+00 0.00E+00 0.00E+00 0.00E+00 0.00E+00 0.00E+00 0.00E+00 0.00E+00 0.00E+00 0.00E+00 0.00E+00 0.00E+00 0.00E+00 0.00E+00 0.00E+00 0.00E+00 0.00E+00 0.00E+00 0.00E+00
  60.00  2.112  1.87E+21 1.49E+20 7.63E+20 1.64E+19 1.64E+19 1.06E+20 6.59E+18 1.29E+17 4.47E+14 1.59E+15 3.83E+10 1.49E+13 1.04E+11 1.28E+15 8.27E+15 1.31E+15 1.19E+16 1.08E+17 6.28E+17 2.44E+18 4.32E+15 5.97E+15 6.83E+15 7.63E+15 8.20E+15 8.76E+15 9.83E+15 1.16E+16 1.34E+16 1.49E+16 1.81E+16 2.87E+16 1.49E+17 0.00E+00 0.00E+00 0.00E+00 0.00E+00 0.00E+00 0.00E+00 0.00E+00 0.00E+00 0.00E+00 0.00E+00 0.00E+00 0.00E+00 0.00E+00 0.00E+00 0.00E+00 0.00E+00 0.00E+00 0.00E+00 0.00E+00 0.00E+00
  70.00  2.281  4.11E+21 2.99E+20 1.55E+21 3.28E+19 3.27E+19 2.13E+20 1.32E+19 2.57E+17 4.74E+15 2.21E+16 5.68E+10 8.52E+13 2.29E+11 2.37E+16 2.60E+17 2.61E+15 2.37E+16 2.15E+17 1.26E+18 4.88E+18 1.29E+16 1.78E+16 2.04E+16 2.28E+16 2.45E+16 2.62E+16 2.94E+16 3.49E+16 4.01E+16 4.48E+16 5.44E+16 8.61E+16 4.48E+17 0.00E+00 0.00E+00 0.00E+00 0.00E+00 0.00E+00 0.00E+00 0.00E+00 0.00E+00 0.00E+00 0.00E+00 0.00E+00 0.00E+00 0.00E+00 0.00E+00 0.00E+00 0.00E+00 0.00E+00 0.00E+00 0.00E+00 0.00E+00
  80.00  2.438  8.64E+21 6.07E+20 3.33E+21 6.57E+19 6.54E+19 4.25E+20 2.64E+19 5.13E+17 5.02E+16 3.06E+17 8.44E+10 4.88E+14 5.02E+11 4.40E+17 8.18E+18 5.20E+15 4.74E+16 4.30E+17 2.51E+18 9.76E+18 3.84E+16 5.31E+16 6.10E+16 6.82E+16 7.34E+16 7.85E+16 8.82E+16 1.04E+17 1.20E+17 1.34E+17 1.63E+17 2.58E+17 1.34E+18 0.00E+00 0.00E+00 0.00E+00 0.00E+00 0.00E+00 0.00E+00 0.00E+00 0.00E+00 0.00E+00 0.00E+00 0.00E+00 0.00E+00 0.00E+00 0.00E+00 0.00E+00 0.00E+00 0.00E+00 0.00E+00 0.00E+00 0.00E+00
  90.00  2.586  1.90E+22 1.47E+21 1.25E+22 1.31E+20 1.31E+20 8.50E+20 5.27E+19 1.02E+18 5.32E+17 4.25E+18 1.25E+11 2.80E+15 1.10E+12 8.17E+18 2.57E+20 1.04E+16 9.46E+16 8.59E+17 5.02E+18 1.95E+19 1.14E+17 1.59E+17 1.82E+17 2.04E+17 2.19E+17 2.35E+17 2.64E+17 3.13E+17 3.61E+17 4.02E+17 4.89E+17 7.74E+17 4.03E+18 0.00E+00 0.00E+00 0.00E+00 0.00E+00 0.00E+00 0.00E+00 0.00E+00 0.00E+00 0.00E+00 0.00E+00 0.00E+00 0.00E+00 0.00E+00 0.00E+00 0.00E+00 0.00E+00 0.00E+00 0.00E+00 0.00E+00 0.00E+00
 100.00  2.726  7.99E+22 1.07E+22 2.03E+23 2.63E+20 2.62E+20 1.70E+21 1.05E+20 2.05E+18 5.64E+18 5.89E+19 1.86E+11 1.60E+16 2.42E+12 1.52E+20 8.08E+21 2.06E+16 1.89E+17 1.72E+18 1.00E+19 3.90E+19 3.41E+17 4.73E+17 5.44E+17 6.09E+17 6.56E+17 7.03E+17 7.91E+17 9.37E+17 1.08E+18 1.21E+18 1.47E+18 2.32E+18 1.21E+19 0.00E+00 0.00E+00 0.00E+00 0.00E+00 0.00E+00 0.00E+00 0.00E+00 0.00E+00 0.00E+00 0.00E+00 0.00E+00 0.00E+00 0.00E+00 0.00E+00 0.00E+00 0.00E+00 0.00E+00 0.00E+00 0.00E+00 0.00E+00
 110.00  2.859  1.45E+24 2.63E+23 5.94E+24 5.25E+20 5.23E+20 3.40E+21 2.11E+20 4.09E+18 5.98E+19 8.17E+20 2.77E+11 9.18E+16 5.30E+12 2.81E+21 2.54E+23 4.12E+16 3.78E+17 3.43E+18 2.01E+19 7.80E+19 1.02E+18 1.41E+18 1.62E+18 1.82E+18 1.96E+18 2.10E+18 2.37E+18 2.81E+18 3.24E+18 3.62E+18 4.40E+18 6.96E+18 3.63E+19 0.00E+00 0.00E+00 0.00E+00 0.00E+00 0.00E+00 0.00E+00 0.00E+00 0.00E+00 0.00E+00 0.00E+00 0.00E+00 0.00E+00 0.00E+00 0.00E+00 0.00E+00 0.00E+00 0.00E+00 0.00E+00 0.00E+00 0.00E+00
 120.00  2.986  4.31E+25 8.07E+24 1.85E+26 1.05E+21 1.05E+21 6.80E+21 4.21E+20 8.16E+18 6.33E+20 1.13E+22 4.11E+11 5.26E+17 1.16E+13 5.22E+22 7.99E+24 8.20E+16 7.54E+17 6.87E+18 4.01E+19 1.56E+20 3.03E+18 4.22E+18 4.85E+18 5.44E+18 5.87E+18 6.30E+18 7.09E+18 8.41E+18 9.70E+18 1.08E+19 1.32E+19 2.09E+19 1.09E+20 0.00E+00 0.00E+00 0.00E+00 0.00E+00 0.00E+00 0.00E+00 0.00E+00 0.00E+00 0.00E+00 0.00E+00 0.00E+00 0.00E+00 0.00E+00 0.00E+00 0.00E+00 0.00E+00 0.00E+00 0.00E+00 0.00E+00 0.00E+00
 130.00  3.108  1.35E+27 2.52E+26 5.80E+27 2.10E+21 2.09E+21 1.36E+22 8.42E+20 1.63E+19 6.71E+21 1.57E+23 6.11E+11 3.01E+18 2.55E+13 9.68E+23 2.51E+26 1.64E+17 1.51E+18 1.37E+19 8.03E+19 3.12E+20 9.02E+18 1.26E+19 1.45E+19 1.63E+19 1.76E+19 1.88E+19 2.12E+19 2.52E+19 2.91E+19 3.25E+19 3.95E+19 6.26E+19 3.26E+20 0.00E+00 0.00E+00 0.00E+00 0.00E+00 0.00E+00 0.00E+00 0.00E+00 0.00E+00 0.00E+00 0.00E+00 0.00E+00 0.00E+00 0.00E+00 0.00E+00 0.00E+00 0.00E+00 0.00E+00 0.00E+00 0.00E+00 0.00E+00
 140.00  3.226  4.22E+28 7.92E+27 1.82E+29 4.20E+21 4.18E+21 2.72E+22 1.68E+21 3.25E+19 7.11E+22 2.18E+24 9.08E+11 1.73E+19 5.60E+13 1.80E+25 7.90E+27 3.26E+17 3.01E+18 2.74E+19 1.61E+20 6.24E+20 2.69E+19 3.75E+19 4.33E+19 4.87E+19 5.26E+19 5.64E+19 6.36E+19 7.55E+19 8.71E+19 9.74E+19 1.18E+20 1.88E+20 9.78E+20 0.00E+00 0.00E+00 0.00E+00 0.00E+00 0.00E+00 0.00E+00 0.00E+00 0.00E+00 0.00E+00 0.00E+00 0.00E+00 0.00E+00 0.00E+00 0.00E+00 0.00E+00 0.00E+00 0.00E+00 0.00E+00 0.00E+00 0.00E+00
 150.00  3.339  1.33E+30 2.49E+29 5.72E+30 8.40E+21 8.36E+21 5.44E+22 3.37E+21 6.50E+19 7.53E+23 3.03E+25 1.35E+12 9.89E+19 1.23E+14 3.33E+26 2.48E+29 6.50E+17 6.01E+18 5.49E+19 3.21E+20 1.25E+21 8.01E+19 1.12E+20 1.29E+20 1.45E+20 1.57E+20 1.69E+20 1.90E+20 2.26E+20 2.61E+20 2.92E+20 3.55E+20 5.63E+20 2.93E+21 0.00E+00 0.00E+00 0.00E+00 0.00E+00 0.00E+00 0.00E+00 0.00E+00 0.00E+00 0.00E+00 0.00E+00 0.00E+00 0.00E+00 0.00E+00 0.00E+00 0.00E+00 0.00E+00 0.00E+00 0.00E+00 0.00E+00 0.00E+00
 160.00  3.448  4.16E+31 7.82E+30 1.80E+32 1.68E+22 1.67E+22 1.09E+23 6.73E+21 1.30E+20 7.98E+24 4.20E+26 2.00E+12 5.67E+20 2.70E+14 6.18E+27 7.81E+30 1.30E+18 1.20E+19 1.10E+20 6.42E+20 2.50E+21 2.39E+20 3.34E+20 3.87E+20 4.35E+20 4.70E+20 5.05E+20 5.70E+20 6.78E+20 7.83E+20 8.75E+20 1.07E+21 1.69E+21 8.80E+21 0.00E+00 0.00E+00 0.00E+00 0.00E+00 0.00E+00 0.00E+00 0.00E+00 0.00E+00 0.00E+00 0.00E+00 0.00E+00 0.00E+00 0.00E+00 0.00E+00 0.00E+00 0.00E+00 0.00E+00 0.00E+00 0.00E+00 0.00E+00
 170.00  3.555  1.31E+33 2.46E+32 5.65E+33 3.36E+22 3.34E+22 2.17E+23 1.35E+22 2.59E+20 8.46E+25 5.82E+27 2.98E+12 3.25E+21 5.92E+14 1.15E+29 2.46E+32 2.58E+18 2.40E+19 2.19E+20 1.28E+21 4.99E+21 7.11E+20 9.98E+20 1.15E+21 1.30E+21 1.41E+21 1.51E+21 1.71E+21 2.03E+21 2.35E+21 2.62E+21 3.19E+21 5.06E+21 2.64E+22 0.00E+00 0.00E+00 0.00E+00 0.00E+00 0.00E+00 0.00E+00 0.00E+00 0.00E+00 0.00E+00 0.00E+00 0.00E+00 0.00E+00 0.00E+00 0.00E+00 0.00E+00 0.00E+00 0.00E+00 0.00E+00 0.00E+00 0.00E+00
 180.00  3.658  4.11E+34 7.72E+33 1.78E+35 6.71E+22 6.69E+22 4.35E+23 2.69E+22 5.17E+20 8.97E+26 8.08E+28 4.42E+12 1.86E+22 1.30E+15 2.13E+30 7.72E+33 5.15E+18 4.80E+19 4.38E+20 2.57E+21 9.98E+21 2.12E+21 2.98E+21 3.45E+21 3.89E+21 4.21E+21 4.53E+21 5.11E+21 6.08E+21 7.03E+21 7.86E+21 9.57E+21 1.52E+22 7.92E+22 0.00E+00 0.00E+00 0.00E+00 0.00E+00 0.00E+00 0.00E+00 0.00E+00 0.00E+00 0.00E+00 0.00E+00 0.00E+00 0.00E+00 0.00E+00 0.00E+00 0.00E+00 0.00E+00 0.00E+00 0.00E+00 0.00E+00 0.00E+00
 190.00  3.758  1.29E+36 2.43E+35 5.58E+36 1.34E+23 1.34E+23 8.69E+23 5.38E+22 1.03E+21 9.50E+27 1.12E+30 6.57E+12 1.07E+23 2.85E+15 3.95E+31 2.43E+35 1.03E+19 9.58E+19 8.76E+20 5.13E+21 2.00E+22 6.32E+21 8.89E+21 1.03E+22 1.16E+22 1.26E+22 1.35E+22 1.53E+22 1.82E+22 2.11E+22 2.36E+22 2.87E+22 4.55E+22 2.37E+23 0.00E+00 0.00E+00 0.00E+00 0.00E+00 0.00E+00 0.00E+00 0.00E+00 0.00E+00 0.00E+00 0.00E+00 0.00E+00 0.00E+00 0.00E+00 0.00E+00 0.00E+00 0.00E+00 0.00E+00 0.00E+00 0.00E+00 0.00E+00
 200.00  3.855  4.07E+37 7.63E+36 1.75E+38 2.68E+23 2.67E+23 1.74E+24 1.08E+23 2.06E+21 1.01E+29 1.55E+31 9.76E+12 6.11E+23 6.26E+15 7.32E+32 7.63E+36 2.05E+19 1.91E+20 1.75E+21 1.03E+22 3.99E+22 1.88E+22 2.65E+22 3.08E+22 3.47E+22 3.77E+22 4.05E+22 4.58E+22 5.46E+22 6.31E+22 7.07E+22 8.61E+22 1.37E+23 7.12E+23 0.00E+00 0.00E+00 0.00E+00 0.00E+00 0.00E+00 0.00E+00 0.00E+00 0.00E+00 0.00E+00 0.00E+00 0.00E+00 0.00E+00 0.00E+00 0.00E+00 0.00E+00 0.00E+00 0.00E+00 0.00E+00 0.00E+00 0.00E+00
 
                    *********************************************************************************
                    *  Z= 61 A=148: Negative-parity Spin-dependent Level Density [MeV-1] for PM148  *
                    *********************************************************************************
 U[MeV]  T[MeV]  NCUMUL   RHOOBS   RHOTOT     J=00     J=01     J=02     J=03     J=04     J=05     J=06     J=07     J=08     J=09     J=10     J=11     J=12     J=13     J=14     J=15     J=16     J=17     J=18     J=19     J=20     J=21     J=22     J=23     J=24     J=25     J=26     J=27     J=28     J=29     J=30     J=31     J=32     J=33     J=34     J=35     J=36     J=37     J=38     J=39     J=40     J=41     J=42     J=43     J=44     J=45     J=46     J=47     J=48     J=49
   0.25  0.136  3.00E+00 2.01E+01 8.47E+01 4.66E+00 5.67E+00 4.07E+00 4.17E+00 1.50E+00 0.00E+00 0.00E+00 0.00E+00 0.00E+00 0.00E+00 0.00E+00 0.00E+00 0.00E+00 0.00E+00 0.00E+00 0.00E+00 0.00E+00 0.00E+00 0.00E+00 0.00E+00 0.00E+00 0.00E+00 0.00E+00 0.00E+00 0.00E+00 0.00E+00 0.00E+00 0.00E+00 0.00E+00 0.00E+00 0.00E+00 0.00E+00 0.00E+00 0.00E+00 0.00E+00 0.00E+00 0.00E+00 0.00E+00 0.00E+00 0.00E+00 0.00E+00 0.00E+00 0.00E+00 0.00E+00 0.00E+00 0.00E+00 0.00E+00 0.00E+00 0.00E+00 0.00E+00
   0.50  0.193  9.00E+00 2.44E+01 1.30E+02 3.50E+00 5.17E+00 5.07E+00 7.17E+00 1.50E+00 2.00E+00 0.00E+00 0.00E+00 0.00E+00 0.00E+00 0.00E+00 0.00E+00 0.00E+00 0.00E+00 0.00E+00 0.00E+00 0.00E+00 0.00E+00 0.00E+00 0.00E+00 0.00E+00 0.00E+00 0.00E+00 0.00E+00 0.00E+00 0.00E+00 0.00E+00 0.00E+00 0.00E+00 0.00E+00 0.00E+00 0.00E+00 0.00E+00 0.00E+00 0.00E+00 0.00E+00 0.00E+00 0.00E+00 0.00E+00 0.00E+00 0.00E+00 0.00E+00 0.00E+00 0.00E+00 0.00E+00 0.00E+00 0.00E+00 0.00E+00 0.00E+00 0.00E+00
   0.75  0.236  1.60E+01 3.62E+01 2.35E+02 2.33E+00 7.84E+00 6.34E+00 8.01E+00 5.17E+00 5.00E+00 1.50E+00 0.00E+00 0.00E+00 0.00E+00 0.00E+00 0.00E+00 0.00E+00 0.00E+00 0.00E+00 0.00E+00 0.00E+00 0.00E+00 0.00E+00 0.00E+00 0.00E+00 0.00E+00 0.00E+00 0.00E+00 0.00E+00 0.00E+00 0.00E+00 0.00E+00 0.00E+00 0.00E+00 0.00E+00 0.00E+00 0.00E+00 0.00E+00 0.00E+00 0.00E+00 0.00E+00 0.00E+00 0.00E+00 0.00E+00 0.00E+00 0.00E+00 0.00E+00 0.00E+00 0.00E+00 0.00E+00 0.00E+00 0.00E+00 0.00E+00 0.00E+00
   1.00  0.273  2.60E+01 3.88E+01 2.87E+02 2.33E+00 5.23E+00 5.84E+00 9.17E+00 6.17E+00 6.51E+00 2.00E+00 1.50E+00 0.00E+00 0.00E+00 0.00E+00 0.00E+00 0.00E+00 0.00E+00 0.00E+00 0.00E+00 0.00E+00 0.00E+00 0.00E+00 0.00E+00 0.00E+00 0.00E+00 0.00E+00 0.00E+00 0.00E+00 0.00E+00 0.00E+00 0.00E+00 0.00E+00 0.00E+00 0.00E+00 0.00E+00 0.00E+00 0.00E+00 0.00E+00 0.00E+00 0.00E+00 0.00E+00 0.00E+00 0.00E+00 0.00E+00 0.00E+00 0.00E+00 0.00E+00 0.00E+00 0.00E+00 0.00E+00 0.00E+00 0.00E+00 0.00E+00
   1.25  0.305  4.00E+01 7.54E+01 5.40E+02 9.33E+00 9.07E+00 7.96E+00 2.05E+01 1.10E+01 9.01E+00 4.00E+00 3.50E+00 1.00E+00 0.00E+00 0.00E+00 0.00E+00 0.00E+00 0.00E+00 0.00E+00 0.00E+00 0.00E+00 0.00E+00 0.00E+00 0.00E+00 0.00E+00 0.00E+00 0.00E+00 0.00E+00 0.00E+00 0.00E+00 0.00E+00 0.00E+00 0.00E+00 0.00E+00 0.00E+00 0.00E+00 0.00E+00 0.00E+00 0.00E+00 0.00E+00 0.00E+00 0.00E+00 0.00E+00 0.00E+00 0.00E+00 0.00E+00 0.00E+00 0.00E+00 0.00E+00 0.00E+00 0.00E+00 0.00E+00 0.00E+00 0.00E+00
   1.50  0.334  6.20E+01 1.02E+02 7.25E+02 1.05E+01 1.78E+01 1.23E+01 2.29E+01 1.62E+01 9.01E+00 5.51E+00 6.51E+00 1.50E+00 0.00E+00 0.00E+00 0.00E+00 0.00E+00 0.00E+00 0.00E+00 0.00E+00 0.00E+00 0.00E+00 0.00E+00 0.00E+00 0.00E+00 0.00E+00 0.00E+00 0.00E+00 0.00E+00 0.00E+00 0.00E+00 0.00E+00 0.00E+00 0.00E+00 0.00E+00 0.00E+00 0.00E+00 0.00E+00 0.00E+00 0.00E+00 0.00E+00 0.00E+00 0.00E+00 0.00E+00 0.00E+00 0.00E+00 0.00E+00 0.00E+00 0.00E+00 0.00E+00 0.00E+00 0.00E+00 0.00E+00 0.00E+00
   1.75  0.361  9.90E+01 1.90E+02 1.37E+03 1.52E+01 3.80E+01 2.90E+01 3.71E+01 2.33E+01 2.20E+01 9.92E+00 9.67E+00 4.00E+00 2.00E+00 0.00E+00 0.00E+00 0.00E+00 0.00E+00 0.00E+00 0.00E+00 0.00E+00 0.00E+00 0.00E+00 0.00E+00 0.00E+00 0.00E+00 0.00E+00 0.00E+00 0.00E+00 0.00E+00 0.00E+00 0.00E+00 0.00E+00 0.00E+00 0.00E+00 0.00E+00 0.00E+00 0.00E+00 0.00E+00 0.00E+00 0.00E+00 0.00E+00 0.00E+00 0.00E+00 0.00E+00 0.00E+00 0.00E+00 0.00E+00 0.00E+00 0.00E+00 0.00E+00 0.00E+00 0.00E+00 0.00E+00
   2.00  0.386  1.55E+02 2.62E+02 2.00E+03 9.33E+00 5.02E+01 4.18E+01 5.06E+01 4.11E+01 3.40E+01 1.39E+01 1.18E+01 5.51E+00 4.00E+00 0.00E+00 0.00E+00 0.00E+00 0.00E+00 0.00E+00 0.00E+00 0.00E+00 0.00E+00 0.00E+00 0.00E+00 0.00E+00 0.00E+00 0.00E+00 0.00E+00 0.00E+00 0.00E+00 0.00E+00 0.00E+00 0.00E+00 0.00E+00 0.00E+00 0.00E+00 0.00E+00 0.00E+00 0.00E+00 0.00E+00 0.00E+00 0.00E+00 0.00E+00 0.00E+00 0.00E+00 0.00E+00 0.00E+00 0.00E+00 0.00E+00 0.00E+00 0.00E+00 0.00E+00 0.00E+00 0.00E+00
   2.25  0.409  2.50E+02 4.93E+02 3.76E+03 1.52E+01 8.84E+01 7.35E+01 1.12E+02 8.09E+01 6.07E+01 2.82E+01 1.82E+01 8.01E+00 6.51E+00 1.50E+00 0.00E+00 0.00E+00 0.00E+00 0.00E+00 0.00E+00 0.00E+00 0.00E+00 0.00E+00 0.00E+00 0.00E+00 0.00E+00 0.00E+00 0.00E+00 0.00E+00 0.00E+00 0.00E+00 0.00E+00 0.00E+00 0.00E+00 0.00E+00 0.00E+00 0.00E+00 0.00E+00 0.00E+00 0.00E+00 0.00E+00 0.00E+00 0.00E+00 0.00E+00 0.00E+00 0.00E+00 0.00E+00 0.00E+00 0.00E+00 0.00E+00 0.00E+00 0.00E+00 0.00E+00 0.00E+00
   2.50  0.431  4.07E+02 7.69E+02 6.01E+03 1.64E+01 1.40E+02 1.06E+02 1.74E+02 1.28E+02 9.64E+01 4.87E+01 2.90E+01 1.52E+01 9.51E+00 3.50E+00 1.50E+00 0.00E+00 0.00E+00 0.00E+00 0.00E+00 0.00E+00 0.00E+00 0.00E+00 0.00E+00 0.00E+00 0.00E+00 0.00E+00 0.00E+00 0.00E+00 0.00E+00 0.00E+00 0.00E+00 0.00E+00 0.00E+00 0.00E+00 0.00E+00 0.00E+00 0.00E+00 0.00E+00 0.00E+00 0.00E+00 0.00E+00 0.00E+00 0.00E+00 0.00E+00 0.00E+00 0.00E+00 0.00E+00 0.00E+00 0.00E+00 0.00E+00 0.00E+00 0.00E+00 0.00E+00
   2.75  0.452  6.90E+02 1.50E+03 1.20E+04 3.50E+01 2.42E+02 2.06E+02 3.36E+02 2.41E+02 2.08E+02 1.20E+02 6.21E+01 2.32E+01 1.42E+01 5.51E+00 3.50E+00 0.00E+00 0.00E+00 0.00E+00 0.00E+00 0.00E+00 0.00E+00 0.00E+00 0.00E+00 0.00E+00 0.00E+00 0.00E+00 0.00E+00 0.00E+00 0.00E+00 0.00E+00 0.00E+00 0.00E+00 0.00E+00 0.00E+00 0.00E+00 0.00E+00 0.00E+00 0.00E+00 0.00E+00 0.00E+00 0.00E+00 0.00E+00 0.00E+00 0.00E+00 0.00E+00 0.00E+00 0.00E+00 0.00E+00 0.00E+00 0.00E+00 0.00E+00 0.00E+00 0.00E+00
   3.00  0.472  1.17E+03 2.34E+03 1.90E+04 4.55E+01 3.72E+02 3.12E+02 5.13E+02 3.73E+02 3.40E+02 2.01E+02 1.02E+02 4.30E+01 2.29E+01 7.01E+00 6.51E+00 1.00E+00 0.00E+00 0.00E+00 0.00E+00 0.00E+00 0.00E+00 0.00E+00 0.00E+00 0.00E+00 0.00E+00 0.00E+00 0.00E+00 0.00E+00 0.00E+00 0.00E+00 0.00E+00 0.00E+00 0.00E+00 0.00E+00 0.00E+00 0.00E+00 0.00E+00 0.00E+00 0.00E+00 0.00E+00 0.00E+00 0.00E+00 0.00E+00 0.00E+00 0.00E+00 0.00E+00 0.00E+00 0.00E+00 0.00E+00 0.00E+00 0.00E+00 0.00E+00 0.00E+00
   3.25  0.491  2.00E+03 4.33E+03 3.65E+04 7.08E+01 6.53E+02 5.58E+02 8.97E+02 6.97E+02 6.29E+02 3.99E+02 2.54E+02 1.02E+02 4.69E+01 1.68E+01 8.51E+00 2.00E+00 0.00E+00 0.00E+00 0.00E+00 0.00E+00 0.00E+00 0.00E+00 0.00E+00 0.00E+00 0.00E+00 0.00E+00 0.00E+00 0.00E+00 0.00E+00 0.00E+00 0.00E+00 0.00E+00 0.00E+00 0.00E+00 0.00E+00 0.00E+00 0.00E+00 0.00E+00 0.00E+00 0.00E+00 0.00E+00 0.00E+00 0.00E+00 0.00E+00 0.00E+00 0.00E+00 0.00E+00 0.00E+00 0.00E+00 0.00E+00 0.00E+00 0.00E+00 0.00E+00
   3.50  0.510  3.34E+03 6.38E+03 5.52E+04 7.83E+01 9.14E+02 8.34E+02 1.27E+03 9.76E+02 9.53E+02 6.08E+02 4.29E+02 1.95E+02 8.17E+01 2.35E+01 1.07E+01 4.00E+00 5.00E-01 0.00E+00 0.00E+00 0.00E+00 0.00E+00 0.00E+00 0.00E+00 0.00E+00 0.00E+00 0.00E+00 0.00E+00 0.00E+00 0.00E+00 0.00E+00 0.00E+00 0.00E+00 0.00E+00 0.00E+00 0.00E+00 0.00E+00 0.00E+00 0.00E+00 0.00E+00 0.00E+00 0.00E+00 0.00E+00 0.00E+00 0.00E+00 0.00E+00 0.00E+00 0.00E+00 0.00E+00 0.00E+00 0.00E+00 0.00E+00 0.00E+00 0.00E+00
   3.75  0.528  5.51E+03 1.10E+04 9.86E+04 9.80E+01 1.44E+03 1.33E+03 2.13E+03 1.68E+03 1.68E+03 1.09E+03 8.16E+02 4.17E+02 1.90E+02 5.49E+01 2.14E+01 6.01E+00 3.00E+00 0.00E+00 0.00E+00 0.00E+00 0.00E+00 0.00E+00 0.00E+00 0.00E+00 0.00E+00 0.00E+00 0.00E+00 0.00E+00 0.00E+00 0.00E+00 0.00E+00 0.00E+00 0.00E+00 0.00E+00 0.00E+00 0.00E+00 0.00E+00 0.00E+00 0.00E+00 0.00E+00 0.00E+00 0.00E+00 0.00E+00 0.00E+00 0.00E+00 0.00E+00 0.00E+00 0.00E+00 0.00E+00 0.00E+00 0.00E+00 0.00E+00 0.00E+00
   4.00  0.545  8.81E+03 1.54E+04 1.42E+05 8.17E+01 1.86E+03 1.82E+03 2.99E+03 2.36E+03 2.44E+03 1.55E+03 1.19E+03 6.56E+02 3.26E+02 9.54E+01 3.75E+01 8.01E+00 6.01E+00 0.00E+00 0.00E+00 0.00E+00 0.00E+00 0.00E+00 0.00E+00 0.00E+00 0.00E+00 0.00E+00 0.00E+00 0.00E+00 0.00E+00 0.00E+00 0.00E+00 0.00E+00 0.00E+00 0.00E+00 0.00E+00 0.00E+00 0.00E+00 0.00E+00 0.00E+00 0.00E+00 0.00E+00 0.00E+00 0.00E+00 0.00E+00 0.00E+00 0.00E+00 0.00E+00 0.00E+00 0.00E+00 0.00E+00 0.00E+00 0.00E+00 0.00E+00
   4.25  0.562  1.39E+04 2.55E+04 2.42E+05 1.33E+02 3.06E+03 2.82E+03 4.73E+03 3.88E+03 3.97E+03 2.67E+03 2.01E+03 1.16E+03 7.17E+02 2.62E+02 8.54E+01 1.77E+01 8.01E+00 1.50E+00 0.00E+00 0.00E+00 0.00E+00 0.00E+00 0.00E+00 0.00E+00 0.00E+00 0.00E+00 0.00E+00 0.00E+00 0.00E+00 0.00E+00 0.00E+00 0.00E+00 0.00E+00 0.00E+00 0.00E+00 0.00E+00 0.00E+00 0.00E+00 0.00E+00 0.00E+00 0.00E+00 0.00E+00 0.00E+00 0.00E+00 0.00E+00 0.00E+00 0.00E+00 0.00E+00 0.00E+00 0.00E+00 0.00E+00 0.00E+00 0.00E+00
   4.50  0.578  2.16E+04 3.62E+04 3.46E+05 1.78E+02 4.32E+03 4.01E+03 6.62E+03 5.26E+03 5.52E+03 3.80E+03 3.00E+03 1.74E+03 1.08E+03 4.47E+02 1.53E+02 2.59E+01 8.67E+00 3.50E+00 0.00E+00 0.00E+00 0.00E+00 0.00E+00 0.00E+00 0.00E+00 0.00E+00 0.00E+00 0.00E+00 0.00E+00 0.00E+00 0.00E+00 0.00E+00 0.00E+00 0.00E+00 0.00E+00 0.00E+00 0.00E+00 0.00E+00 0.00E+00 0.00E+00 0.00E+00 0.00E+00 0.00E+00 0.00E+00 0.00E+00 0.00E+00 0.00E+00 0.00E+00 0.00E+00 0.00E+00 0.00E+00 0.00E+00 0.00E+00 0.00E+00
   4.75  0.594  3.38E+04 6.08E+04 5.87E+05 3.13E+02 7.47E+03 6.68E+03 1.07E+04 8.73E+03 8.96E+03 6.34E+03 5.16E+03 3.06E+03 1.92E+03 9.00E+02 3.81E+02 8.04E+01 2.83E+01 7.17E+00 2.00E+00 0.00E+00 0.00E+00 0.00E+00 0.00E+00 0.00E+00 0.00E+00 0.00E+00 0.00E+00 0.00E+00 0.00E+00 0.00E+00 0.00E+00 0.00E+00 0.00E+00 0.00E+00 0.00E+00 0.00E+00 0.00E+00 0.00E+00 0.00E+00 0.00E+00 0.00E+00 0.00E+00 0.00E+00 0.00E+00 0.00E+00 0.00E+00 0.00E+00 0.00E+00 0.00E+00 0.00E+00 0.00E+00 0.00E+00 0.00E+00
   5.00  0.610  5.21E+04 8.61E+04 8.39E+05 3.88E+02 1.02E+04 9.39E+03 1.55E+04 1.22E+04 1.27E+04 8.99E+03 7.26E+03 4.43E+03 2.75E+03 1.35E+03 6.60E+02 1.57E+02 5.23E+01 9.84E+00 3.50E+00 0.00E+00 0.00E+00 0.00E+00 0.00E+00 0.00E+00 0.00E+00 0.00E+00 0.00E+00 0.00E+00 0.00E+00 0.00E+00 0.00E+00 0.00E+00 0.00E+00 0.00E+00 0.00E+00 0.00E+00 0.00E+00 0.00E+00 0.00E+00 0.00E+00 0.00E+00 0.00E+00 0.00E+00 0.00E+00 0.00E+00 0.00E+00 0.00E+00 0.00E+00 0.00E+00 0.00E+00 0.00E+00 0.00E+00 0.00E+00
   5.50  0.639  1.25E+05 2.04E+05 2.03E+06 7.25E+02 2.33E+04 2.15E+04 3.59E+04 2.90E+04 3.02E+04 2.12E+04 1.71E+04 1.10E+04 7.26E+03 3.61E+03 2.01E+03 7.30E+02 2.18E+02 3.64E+01 1.13E+01 1.50E+00 0.00E+00 0.00E+00 0.00E+00 0.00E+00 0.00E+00 0.00E+00 0.00E+00 0.00E+00 0.00E+00 0.00E+00 0.00E+00 0.00E+00 0.00E+00 0.00E+00 0.00E+00 0.00E+00 0.00E+00 0.00E+00 0.00E+00 0.00E+00 0.00E+00 0.00E+00 0.00E+00 0.00E+00 0.00E+00 0.00E+00 0.00E+00 0.00E+00 0.00E+00 0.00E+00 0.00E+00 0.00E+00 0.00E+00
   6.00  0.668  2.95E+05 4.77E+05 4.83E+06 1.34E+03 5.29E+04 4.91E+04 8.17E+04 6.68E+04 7.03E+04 5.06E+04 4.11E+04 2.65E+04 1.79E+04 9.51E+03 5.40E+03 2.30E+03 9.31E+02 2.18E+02 5.20E+01 9.00E+00 5.00E-01 0.00E+00 0.00E+00 0.00E+00 0.00E+00 0.00E+00 0.00E+00 0.00E+00 0.00E+00 0.00E+00 0.00E+00 0.00E+00 0.00E+00 0.00E+00 0.00E+00 0.00E+00 0.00E+00 0.00E+00 0.00E+00 0.00E+00 0.00E+00 0.00E+00 0.00E+00 0.00E+00 0.00E+00 0.00E+00 0.00E+00 0.00E+00 0.00E+00 0.00E+00 0.00E+00 0.00E+00 0.00E+00
   6.50  0.695  6.86E+05 1.09E+06 1.13E+07 3.16E+03 1.16E+05 1.08E+05 1.81E+05 1.49E+05 1.60E+05 1.17E+05 9.73E+04 6.42E+04 4.40E+04 2.39E+04 1.40E+04 6.35E+03 3.05E+03 1.02E+03 2.87E+02 5.10E+01 1.05E+01 1.17E+00 0.00E+00 0.00E+00 0.00E+00 0.00E+00 0.00E+00 0.00E+00 0.00E+00 0.00E+00 0.00E+00 0.00E+00 0.00E+00 0.00E+00 0.00E+00 0.00E+00 0.00E+00 0.00E+00 0.00E+00 0.00E+00 0.00E+00 0.00E+00 0.00E+00 0.00E+00 0.00E+00 0.00E+00 0.00E+00 0.00E+00 0.00E+00 0.00E+00 0.00E+00 0.00E+00 0.00E+00
   7.00  0.721  1.56E+06 2.41E+06 2.55E+07 5.78E+03 2.47E+05 2.31E+05 3.92E+05 3.24E+05 3.53E+05 2.60E+05 2.21E+05 1.50E+05 1.05E+05 5.93E+04 3.55E+04 1.69E+04 8.44E+03 3.29E+03 1.16E+03 2.98E+02 6.20E+01 1.13E+01 0.00E+00 0.00E+00 0.00E+00 0.00E+00 0.00E+00 0.00E+00 0.00E+00 0.00E+00 0.00E+00 0.00E+00 0.00E+00 0.00E+00 0.00E+00 0.00E+00 0.00E+00 0.00E+00 0.00E+00 0.00E+00 0.00E+00 0.00E+00 0.00E+00 0.00E+00 0.00E+00 0.00E+00 0.00E+00 0.00E+00 0.00E+00 0.00E+00 0.00E+00 0.00E+00 0.00E+00
   7.50  0.747  3.49E+06 5.31E+06 5.71E+07 1.22E+04 5.32E+05 4.95E+05 8.41E+05 7.00E+05 7.65E+05 5.71E+05 4.94E+05 3.41E+05 2.45E+05 1.42E+05 8.75E+04 4.35E+04 2.25E+04 9.47E+03 3.94E+03 1.32E+03 3.65E+02 8.12E+01 5.67E+00 1.17E+00 0.00E+00 0.00E+00 0.00E+00 0.00E+00 0.00E+00 0.00E+00 0.00E+00 0.00E+00 0.00E+00 0.00E+00 0.00E+00 0.00E+00 0.00E+00 0.00E+00 0.00E+00 0.00E+00 0.00E+00 0.00E+00 0.00E+00 0.00E+00 0.00E+00 0.00E+00 0.00E+00 0.00E+00 0.00E+00 0.00E+00 0.00E+00 0.00E+00 0.00E+00
   8.00  0.771  7.70E+06 1.15E+07 1.26E+08 2.41E+04 1.11E+06 1.05E+06 1.80E+06 1.50E+06 1.65E+06 1.24E+06 1.08E+06 7.61E+05 5.55E+05 3.32E+05 2.10E+05 1.09E+05 5.87E+04 2.60E+04 1.12E+04 4.36E+03 1.50E+03 4.53E+02 9.65E+01 1.52E+01 2.33E+00 0.00E+00 0.00E+00 0.00E+00 0.00E+00 0.00E+00 0.00E+00 0.00E+00 0.00E+00 0.00E+00 0.00E+00 0.00E+00 0.00E+00 0.00E+00 0.00E+00 0.00E+00 0.00E+00 0.00E+00 0.00E+00 0.00E+00 0.00E+00 0.00E+00 0.00E+00 0.00E+00 0.00E+00 0.00E+00 0.00E+00 0.00E+00 0.00E+00
   8.50  0.795  1.68E+07 2.50E+07 2.78E+08 4.86E+04 2.37E+06 2.23E+06 3.85E+06 3.22E+06 3.55E+06 2.69E+06 2.37E+06 1.69E+06 1.24E+06 7.60E+05 4.94E+05 2.66E+05 1.49E+05 6.95E+04 3.18E+04 1.34E+04 5.21E+03 1.58E+03 4.70E+02 1.10E+02 1.63E+01 2.33E+00 0.00E+00 0.00E+00 0.00E+00 0.00E+00 0.00E+00 0.00E+00 0.00E+00 0.00E+00 0.00E+00 0.00E+00 0.00E+00 0.00E+00 0.00E+00 0.00E+00 0.00E+00 0.00E+00 0.00E+00 0.00E+00 0.00E+00 0.00E+00 0.00E+00 0.00E+00 0.00E+00 0.00E+00 0.00E+00 0.00E+00 0.00E+00
   9.00  0.818  3.66E+07 5.40E+07 6.07E+08 9.88E+04 4.99E+06 4.71E+06 8.15E+06 6.85E+06 7.61E+06 5.81E+06 5.15E+06 3.71E+06 2.75E+06 1.72E+06 1.14E+06 6.33E+05 3.67E+05 1.80E+05 8.61E+04 3.83E+04 1.54E+04 4.88E+03 1.65E+03 5.69E+02 1.48E+02 3.03E+01 3.50E+00 0.00E+00 0.00E+00 0.00E+00 0.00E+00 0.00E+00 0.00E+00 0.00E+00 0.00E+00 0.00E+00 0.00E+00 0.00E+00 0.00E+00 0.00E+00 0.00E+00 0.00E+00 0.00E+00 0.00E+00 0.00E+00 0.00E+00 0.00E+00 0.00E+00 0.00E+00 0.00E+00 0.00E+00 0.00E+00 0.00E+00
   9.50  0.840  7.89E+07 1.15E+08 1.31E+09 1.99E+05 1.04E+07 9.82E+06 1.70E+07 1.44E+07 1.61E+07 1.24E+07 1.11E+07 8.08E+06 6.05E+06 3.84E+06 2.58E+06 1.47E+06 8.80E+05 4.49E+05 2.25E+05 1.06E+05 3.73E+04 1.37E+04 5.26E+03 2.05E+03 7.65E+02 2.08E+02 3.38E+01 3.50E+00 1.17E+00 0.00E+00 0.00E+00 0.00E+00 0.00E+00 0.00E+00 0.00E+00 0.00E+00 0.00E+00 0.00E+00 0.00E+00 0.00E+00 0.00E+00 0.00E+00 0.00E+00 0.00E+00 0.00E+00 0.00E+00 0.00E+00 0.00E+00 0.00E+00 0.00E+00 0.00E+00 0.00E+00 0.00E+00
  10.00  0.862  1.68E+08 2.43E+08 2.80E+09 3.87E+05 2.14E+07 2.03E+07 3.53E+07 3.00E+07 3.37E+07 2.61E+07 2.36E+07 1.74E+07 1.32E+07 8.48E+06 5.78E+06 3.37E+06 2.06E+06 1.09E+06 5.65E+05 2.36E+05 9.25E+04 3.73E+04 1.56E+04 6.43E+03 2.63E+03 9.21E+02 2.65E+02 4.78E+01 9.33E+00 0.00E+00 0.00E+00 0.00E+00 0.00E+00 0.00E+00 0.00E+00 0.00E+00 0.00E+00 0.00E+00 0.00E+00 0.00E+00 0.00E+00 0.00E+00 0.00E+00 0.00E+00 0.00E+00 0.00E+00 0.00E+00 0.00E+00 0.00E+00 0.00E+00 0.00E+00 0.00E+00 0.00E+00
  11.00  0.904  8.19E+08 1.06E+09 1.25E+10 1.52E+06 9.02E+07 8.55E+07 1.49E+08 1.27E+08 1.44E+08 1.13E+08 1.03E+08 7.76E+07 6.00E+07 3.98E+07 2.79E+07 1.69E+07 1.08E+07 5.39E+06 2.45E+06 1.10E+06 5.16E+05 2.45E+05 1.19E+05 5.56E+04 2.48E+04 1.06E+04 4.27E+03 1.50E+03 4.55E+02 9.10E+01 1.75E+01 2.33E+00 0.00E+00 0.00E+00 0.00E+00 0.00E+00 0.00E+00 0.00E+00 0.00E+00 0.00E+00 0.00E+00 0.00E+00 0.00E+00 0.00E+00 0.00E+00 0.00E+00 0.00E+00 0.00E+00 0.00E+00 0.00E+00 0.00E+00 0.00E+00 0.00E+00
  12.00  0.944  3.58E+09 4.46E+09 5.31E+10 5.82E+06 3.71E+08 3.52E+08 6.18E+08 5.30E+08 6.04E+08 4.78E+08 4.42E+08 3.37E+08 2.64E+08 1.79E+08 1.29E+08 7.62E+07 4.01E+07 1.90E+07 9.79E+06 4.99E+06 2.68E+06 1.44E+06 7.69E+05 4.01E+05 2.01E+05 9.39E+04 4.15E+04 1.74E+04 6.85E+03 2.36E+03 7.21E+02 1.61E+02 3.50E+01 0.00E+00 0.00E+00 0.00E+00 0.00E+00 0.00E+00 0.00E+00 0.00E+00 0.00E+00 0.00E+00 0.00E+00 0.00E+00 0.00E+00 0.00E+00 0.00E+00 0.00E+00 0.00E+00 0.00E+00 0.00E+00 0.00E+00 0.00E+00
  13.00  0.983  1.49E+10 1.82E+10 2.14E+11 2.23E+07 1.52E+09 1.43E+09 2.51E+09 2.16E+09 2.48E+09 1.98E+09 1.84E+09 1.42E+09 1.13E+09 7.24E+08 4.30E+08 2.24E+08 1.29E+08 6.90E+07 3.99E+07 2.27E+07 1.35E+07 7.93E+06 4.59E+06 2.57E+06 1.38E+06 7.14E+05 3.51E+05 1.61E+05 7.00E+04 2.87E+04 1.11E+04 3.81E+03 1.53E+03 0.00E+00 0.00E+00 0.00E+00 0.00E+00 0.00E+00 0.00E+00 0.00E+00 0.00E+00 0.00E+00 0.00E+00 0.00E+00 0.00E+00 0.00E+00 0.00E+00 0.00E+00 0.00E+00 0.00E+00 0.00E+00 0.00E+00 0.00E+00
  14.00  1.020  5.74E+10 6.68E+10 7.50E+11 8.23E+07 5.97E+09 5.61E+09 9.88E+09 8.55E+09 9.87E+09 7.92E+09 6.83E+09 4.41E+09 3.04E+09 1.73E+09 1.15E+09 6.40E+08 4.11E+08 2.44E+08 1.58E+08 9.91E+07 6.36E+07 3.97E+07 2.45E+07 1.45E+07 8.33E+06 4.57E+06 2.41E+06 1.21E+06 5.80E+05 2.62E+05 1.12E+05 4.47E+04 2.50E+04 0.00E+00 0.00E+00 0.00E+00 0.00E+00 0.00E+00 0.00E+00 0.00E+00 0.00E+00 0.00E+00 0.00E+00 0.00E+00 0.00E+00 0.00E+00 0.00E+00 0.00E+00 0.00E+00 0.00E+00 0.00E+00 0.00E+00 0.00E+00
  15.00  1.056  1.45E+11 1.09E+11 1.10E+12 1.76E+08 1.34E+10 1.29E+10 2.11E+10 1.43E+10 1.39E+10 9.26E+09 7.98E+09 4.76E+09 3.61E+09 2.17E+09 1.70E+09 1.03E+09 7.68E+08 4.94E+08 3.52E+08 2.35E+08 1.60E+08 1.05E+08 6.72E+07 4.15E+07 2.48E+07 1.42E+07 7.83E+06 4.13E+06 2.09E+06 1.01E+06 4.65E+05 1.99E+05 1.28E+05 0.00E+00 0.00E+00 0.00E+00 0.00E+00 0.00E+00 0.00E+00 0.00E+00 0.00E+00 0.00E+00 0.00E+00 0.00E+00 0.00E+00 0.00E+00 0.00E+00 0.00E+00 0.00E+00 0.00E+00 0.00E+00 0.00E+00 0.00E+00
  16.00  1.090  2.95E+11 1.90E+11 1.75E+12 3.79E+08 3.01E+10 2.97E+10 4.53E+10 2.38E+10 1.97E+10 1.08E+10 9.32E+09 5.13E+09 4.28E+09 2.73E+09 2.53E+09 1.65E+09 1.44E+09 1.00E+09 7.84E+08 5.60E+08 4.03E+08 2.77E+08 1.84E+08 1.18E+08 7.37E+07 4.41E+07 2.54E+07 1.41E+07 7.55E+06 3.92E+06 1.94E+06 8.84E+05 6.56E+05 0.00E+00 0.00E+00 0.00E+00 0.00E+00 0.00E+00 0.00E+00 0.00E+00 0.00E+00 0.00E+00 0.00E+00 0.00E+00 0.00E+00 0.00E+00 0.00E+00 0.00E+00 0.00E+00 0.00E+00 0.00E+00 0.00E+00 0.00E+00
  17.00  1.124  5.68E+11 3.56E+11 2.98E+12 8.12E+08 6.77E+10 6.83E+10 9.69E+10 3.97E+10 2.77E+10 1.27E+10 1.09E+10 5.54E+09 5.09E+09 3.43E+09 3.75E+09 2.64E+09 2.69E+09 2.03E+09 1.75E+09 1.33E+09 1.02E+09 7.33E+08 5.07E+08 3.38E+08 2.19E+08 1.37E+08 8.25E+07 4.80E+07 2.72E+07 1.52E+07 8.09E+06 3.93E+06 3.36E+06 0.00E+00 0.00E+00 0.00E+00 0.00E+00 0.00E+00 0.00E+00 0.00E+00 0.00E+00 0.00E+00 0.00E+00 0.00E+00 0.00E+00 0.00E+00 0.00E+00 0.00E+00 0.00E+00 0.00E+00 0.00E+00 0.00E+00 0.00E+00
  18.00  1.157  1.10E+12 7.02E+11 5.46E+12 1.74E+09 1.52E+11 1.57E+11 2.07E+11 6.63E+10 3.91E+10 1.48E+10 1.27E+10 5.98E+09 6.05E+09 4.30E+09 5.57E+09 4.24E+09 5.03E+09 4.10E+09 3.90E+09 3.16E+09 2.56E+09 1.94E+09 1.39E+09 9.66E+08 6.52E+08 4.25E+08 2.68E+08 1.63E+08 9.81E+07 5.87E+07 3.38E+07 1.75E+07 1.72E+07 0.00E+00 0.00E+00 0.00E+00 0.00E+00 0.00E+00 0.00E+00 0.00E+00 0.00E+00 0.00E+00 0.00E+00 0.00E+00 0.00E+00 0.00E+00 0.00E+00 0.00E+00 0.00E+00 0.00E+00 0.00E+00 0.00E+00 0.00E+00
  19.00  1.188  2.17E+12 1.44E+12 1.07E+13 3.74E+09 3.42E+11 3.61E+11 4.44E+11 1.11E+11 5.52E+10 1.73E+10 1.49E+10 6.45E+09 7.18E+09 5.40E+09 8.27E+09 6.80E+09 9.40E+09 8.30E+09 8.68E+09 7.52E+09 6.44E+09 5.12E+09 3.82E+09 2.76E+09 1.94E+09 1.32E+09 8.69E+08 5.57E+08 3.54E+08 2.27E+08 1.41E+08 7.78E+07 8.79E+07 0.00E+00 0.00E+00 0.00E+00 0.00E+00 0.00E+00 0.00E+00 0.00E+00 0.00E+00 0.00E+00 0.00E+00 0.00E+00 0.00E+00 0.00E+00 0.00E+00 0.00E+00 0.00E+00 0.00E+00 0.00E+00 0.00E+00 0.00E+00
  20.00  1.219  4.41E+12 3.04E+12 2.19E+13 8.01E+09 7.67E+11 8.31E+11 9.49E+11 1.85E+11 7.79E+10 2.02E+10 1.74E+10 6.96E+09 8.54E+09 6.79E+09 1.23E+10 1.09E+10 1.76E+10 1.68E+10 1.94E+10 1.79E+10 1.62E+10 1.35E+10 1.05E+10 7.87E+09 5.77E+09 4.10E+09 2.82E+09 1.90E+09 1.28E+09 8.79E+08 5.87E+08 3.46E+08 4.50E+08 0.00E+00 0.00E+00 0.00E+00 0.00E+00 0.00E+00 0.00E+00 0.00E+00 0.00E+00 0.00E+00 0.00E+00 0.00E+00 0.00E+00 0.00E+00 0.00E+00 0.00E+00 0.00E+00 0.00E+00 0.00E+00 0.00E+00 0.00E+00
  22.50  1.293  3.48E+13 2.13E+13 1.60E+14 5.40E+10 5.80E+12 6.67E+12 6.36E+12 6.64E+11 1.84E+11 2.99E+10 2.56E+10 8.41E+09 1.31E+10 1.20E+10 3.30E+10 3.55E+10 8.42E+10 9.80E+10 1.44E+11 1.56E+11 1.63E+11 1.54E+11 1.31E+11 1.08E+11 8.80E+10 6.96E+10 5.36E+10 4.06E+10 3.15E+10 2.59E+10 2.09E+10 1.44E+10 2.67E+10 0.00E+00 0.00E+00 0.00E+00 0.00E+00 0.00E+00 0.00E+00 0.00E+00 0.00E+00 0.00E+00 0.00E+00 0.00E+00 0.00E+00 0.00E+00 0.00E+00 0.00E+00 0.00E+00 0.00E+00 0.00E+00 0.00E+00 0.00E+00
  25.00  1.363  2.64E+14 1.62E+14 1.53E+15 3.64E+11 4.39E+13 5.36E+13 4.26E+13 2.39E+12 4.35E+11 4.41E+10 3.78E+10 1.02E+10 2.02E+10 2.12E+10 8.84E+10 1.16E+11 4.03E+11 5.72E+11 1.06E+12 1.36E+12 1.64E+12 1.74E+12 1.64E+12 1.49E+12 1.34E+12 1.18E+12 1.02E+12 8.71E+11 7.78E+11 7.64E+11 7.41E+11 6.02E+11 1.58E+12 0.00E+00 0.00E+00 0.00E+00 0.00E+00 0.00E+00 0.00E+00 0.00E+00 0.00E+00 0.00E+00 0.00E+00 0.00E+00 0.00E+00 0.00E+00 0.00E+00 0.00E+00 0.00E+00 0.00E+00 0.00E+00 0.00E+00 0.00E+00
  30.00  1.493  4.85E+16 1.91E+16 6.44E+17 1.65E+13 2.51E+15 3.45E+15 1.91E+15 3.09E+13 2.43E+12 9.62E+10 8.22E+10 1.49E+10 4.78E+10 6.61E+10 6.37E+11 1.23E+12 9.23E+12 1.94E+13 5.86E+13 1.03E+14 1.66E+14 2.25E+14 2.55E+14 2.84E+14 3.12E+14 3.41E+14 3.67E+14 4.00E+14 4.75E+14 6.64E+14 9.35E+14 1.05E+15 5.55E+15 0.00E+00 0.00E+00 0.00E+00 0.00E+00 0.00E+00 0.00E+00 0.00E+00 0.00E+00 0.00E+00 0.00E+00 0.00E+00 0.00E+00 0.00E+00 0.00E+00 0.00E+00 0.00E+00 0.00E+00 0.00E+00 0.00E+00 0.00E+00
  40.00  1.724  1.36E+20 2.73E+19 1.51E+20 3.41E+16 8.22E+18 1.43E+19 3.86E+18 5.18E+15 7.61E+13 4.58E+11 3.89E+11 3.18E+10 2.68E+11 6.43E+11 3.31E+13 1.39E+14 4.84E+15 2.25E+16 1.77E+17 5.94E+17 4.94E+14 6.71E+14 7.63E+14 8.48E+14 9.35E+14 1.02E+15 1.10E+15 1.20E+15 1.42E+15 1.99E+15 2.80E+15 3.14E+15 1.66E+16 0.00E+00 0.00E+00 0.00E+00 0.00E+00 0.00E+00 0.00E+00 0.00E+00 0.00E+00 0.00E+00 0.00E+00 0.00E+00 0.00E+00 0.00E+00 0.00E+00 0.00E+00 0.00E+00 0.00E+00 0.00E+00 0.00E+00 0.00E+00
  50.00  1.928  5.46E+20 5.46E+19 3.04E+20 6.81E+16 1.64E+19 2.86E+19 7.71E+18 1.03E+16 2.38E+15 2.18E+12 1.84E+12 6.79E+10 1.50E+12 6.26E+12 1.72E+15 2.77E+14 9.67E+15 4.49E+16 3.55E+17 1.19E+18 1.47E+15 2.00E+15 2.28E+15 2.54E+15 2.80E+15 3.06E+15 3.29E+15 3.59E+15 4.26E+15 5.96E+15 8.41E+15 9.42E+15 4.99E+16 0.00E+00 0.00E+00 0.00E+00 0.00E+00 0.00E+00 0.00E+00 0.00E+00 0.00E+00 0.00E+00 0.00E+00 0.00E+00 0.00E+00 0.00E+00 0.00E+00 0.00E+00 0.00E+00 0.00E+00 0.00E+00 0.00E+00 0.00E+00
  60.00  2.112  1.37E+21 1.09E+20 6.16E+20 1.36E+17 3.29E+19 5.73E+19 1.54E+19 2.06E+16 7.43E+16 1.04E+13 8.70E+12 1.45E+11 8.40E+12 6.10E+13 8.92E+16 5.51E+14 1.93E+16 8.98E+16 7.09E+17 2.37E+18 4.39E+15 5.98E+15 6.81E+15 7.58E+15 8.37E+15 9.15E+15 9.86E+15 1.07E+16 1.28E+16 1.79E+16 2.52E+16 2.83E+16 1.50E+17 0.00E+00 0.00E+00 0.00E+00 0.00E+00 0.00E+00 0.00E+00 0.00E+00 0.00E+00 0.00E+00 0.00E+00 0.00E+00 0.00E+00 0.00E+00 0.00E+00 0.00E+00 0.00E+00 0.00E+00 0.00E+00 0.00E+00 0.00E+00
  70.00  2.281  3.04E+21 2.26E+20 1.37E+21 2.72E+17 6.57E+19 1.14E+20 3.08E+19 4.10E+16 2.32E+18 4.94E+13 4.12E+13 3.10E+11 4.71E+13 5.94E+14 4.63E+18 1.10E+15 3.86E+16 1.79E+17 1.42E+18 4.75E+18 1.31E+16 1.78E+16 2.03E+16 2.27E+16 2.50E+16 2.74E+16 2.95E+16 3.22E+16 3.83E+16 5.36E+16 7.56E+16 8.47E+16 4.49E+17 0.00E+00 0.00E+00 0.00E+00 0.00E+00 0.00E+00 0.00E+00 0.00E+00 0.00E+00 0.00E+00 0.00E+00 0.00E+00 0.00E+00 0.00E+00 0.00E+00 0.00E+00 0.00E+00 0.00E+00 0.00E+00 0.00E+00 0.00E+00
  80.00  2.438  7.92E+21 7.51E+20 8.86E+21 5.45E+17 1.31E+20 2.29E+20 6.17E+19 8.19E+16 7.26E+19 2.35E+14 1.95E+14 6.63E+11 2.64E+14 5.78E+15 2.40E+20 2.18E+15 7.71E+16 3.59E+17 2.83E+18 9.50E+18 3.90E+16 5.32E+16 6.08E+16 6.77E+16 7.49E+16 8.20E+16 8.84E+16 9.64E+16 1.15E+17 1.61E+17 2.27E+17 2.54E+17 1.35E+18 0.00E+00 0.00E+00 0.00E+00 0.00E+00 0.00E+00 0.00E+00 0.00E+00 0.00E+00 0.00E+00 0.00E+00 0.00E+00 0.00E+00 0.00E+00 0.00E+00 0.00E+00 0.00E+00 0.00E+00 0.00E+00 0.00E+00 0.00E+00
  90.00  2.586  8.98E+22 1.56E+22 3.17E+23 1.09E+18 2.63E+20 4.58E+20 1.23E+20 1.63E+17 2.27E+21 1.12E+15 9.22E+14 1.42E+12 1.48E+15 5.63E+16 1.25E+22 4.35E+15 1.54E+17 7.17E+17 5.67E+18 1.90E+19 1.16E+17 1.59E+17 1.81E+17 2.02E+17 2.24E+17 2.45E+17 2.65E+17 2.89E+17 3.44E+17 4.82E+17 6.80E+17 7.62E+17 4.04E+18 0.00E+00 0.00E+00 0.00E+00 0.00E+00 0.00E+00 0.00E+00 0.00E+00 0.00E+00 0.00E+00 0.00E+00 0.00E+00 0.00E+00 0.00E+00 0.00E+00 0.00E+00 0.00E+00 0.00E+00 0.00E+00 0.00E+00 0.00E+00
 100.00  2.726  3.77E+24 7.21E+23 1.57E+25 2.18E+18 5.25E+20 9.16E+20 2.47E+20 3.25E+17 7.10E+22 5.33E+15 4.36E+15 3.03E+12 8.27E+15 5.48E+17 6.48E+23 8.65E+15 3.08E+17 1.43E+18 1.13E+19 3.80E+19 3.46E+17 4.74E+17 5.42E+17 6.05E+17 6.70E+17 7.35E+17 7.93E+17 8.65E+17 1.03E+18 1.44E+18 2.04E+18 2.29E+18 1.21E+19 0.00E+00 0.00E+00 0.00E+00 0.00E+00 0.00E+00 0.00E+00 0.00E+00 0.00E+00 0.00E+00 0.00E+00 0.00E+00 0.00E+00 0.00E+00 0.00E+00 0.00E+00 0.00E+00 0.00E+00 0.00E+00 0.00E+00 0.00E+00
 110.00  2.859  1.87E+26 3.59E+25 7.98E+26 4.35E+18 1.05E+21 1.83E+21 4.93E+20 6.49E+17 2.22E+24 2.54E+16 2.07E+16 6.47E+12 4.63E+16 5.34E+18 3.36E+25 1.72E+16 6.15E+17 2.87E+18 2.27E+19 7.60E+19 1.03E+18 1.41E+18 1.62E+18 1.81E+18 2.00E+18 2.20E+18 2.37E+18 2.59E+18 3.09E+18 4.33E+18 6.11E+18 6.85E+18 3.64E+19 0.00E+00 0.00E+00 0.00E+00 0.00E+00 0.00E+00 0.00E+00 0.00E+00 0.00E+00 0.00E+00 0.00E+00 0.00E+00 0.00E+00 0.00E+00 0.00E+00 0.00E+00 0.00E+00 0.00E+00 0.00E+00 0.00E+00 0.00E+00
 120.00  2.986  9.44E+27 1.82E+27 4.09E+28 8.71E+18 2.10E+21 3.66E+21 9.86E+20 1.29E+18 6.93E+25 1.21E+17 9.77E+16 1.38E+13 2.60E+17 5.20E+19 1.75E+27 3.43E+16 1.23E+18 5.73E+18 4.53E+19 1.52E+20 3.07E+18 4.22E+18 4.84E+18 5.41E+18 5.99E+18 6.58E+18 7.11E+18 7.76E+18 9.25E+18 1.30E+19 1.83E+19 2.06E+19 1.09E+20 0.00E+00 0.00E+00 0.00E+00 0.00E+00 0.00E+00 0.00E+00 0.00E+00 0.00E+00 0.00E+00 0.00E+00 0.00E+00 0.00E+00 0.00E+00 0.00E+00 0.00E+00 0.00E+00 0.00E+00 0.00E+00 0.00E+00 0.00E+00
 130.00  3.108  4.83E+29 9.28E+28 2.11E+30 1.74E+19 4.20E+21 7.32E+21 1.97E+21 2.58E+18 2.17E+27 5.75E+17 4.62E+17 2.95E+13 1.45E+18 5.06E+20 9.07E+28 6.83E+16 2.46E+18 1.15E+19 9.06E+19 3.04E+20 9.16E+18 1.26E+19 1.44E+19 1.62E+19 1.79E+19 1.97E+19 2.13E+19 2.33E+19 2.77E+19 3.89E+19 5.49E+19 6.16E+19 3.27E+20 0.00E+00 0.00E+00 0.00E+00 0.00E+00 0.00E+00 0.00E+00 0.00E+00 0.00E+00 0.00E+00 0.00E+00 0.00E+00 0.00E+00 0.00E+00 0.00E+00 0.00E+00 0.00E+00 0.00E+00 0.00E+00 0.00E+00 0.00E+00
 140.00  3.226  2.48E+31 4.77E+30 1.09E+32 3.48E+19 8.40E+21 1.46E+22 3.94E+21 5.15E+18 6.77E+28 2.74E+18 2.19E+18 6.31E+13 8.14E+18 4.93E+21 4.71E+30 1.36E+17 4.91E+18 2.29E+19 1.81E+20 6.08E+20 2.73E+19 3.76E+19 4.32E+19 4.83E+19 5.36E+19 5.90E+19 6.37E+19 6.97E+19 8.31E+19 1.17E+20 1.65E+20 1.85E+20 9.81E+20 0.00E+00 0.00E+00 0.00E+00 0.00E+00 0.00E+00 0.00E+00 0.00E+00 0.00E+00 0.00E+00 0.00E+00 0.00E+00 0.00E+00 0.00E+00 0.00E+00 0.00E+00 0.00E+00 0.00E+00 0.00E+00 0.00E+00 0.00E+00
 150.00  3.339  1.28E+33 2.46E+32 5.64E+33 6.96E+19 1.68E+22 2.93E+22 7.88E+21 1.03E+19 2.12E+30 1.30E+19 1.04E+19 1.35E+14 4.56E+19 4.80E+22 2.44E+32 2.71E+17 9.81E+18 4.58E+19 3.62E+20 1.21E+21 8.14E+19 1.12E+20 1.29E+20 1.45E+20 1.60E+20 1.76E+20 1.91E+20 2.09E+20 2.49E+20 3.49E+20 4.94E+20 5.54E+20 2.94E+21 0.00E+00 0.00E+00 0.00E+00 0.00E+00 0.00E+00 0.00E+00 0.00E+00 0.00E+00 0.00E+00 0.00E+00 0.00E+00 0.00E+00 0.00E+00 0.00E+00 0.00E+00 0.00E+00 0.00E+00 0.00E+00 0.00E+00 0.00E+00
 160.00  3.448  6.63E+34 1.28E+34 2.92E+35 1.39E+20 3.36E+22 5.86E+22 1.58E+22 2.05E+19 6.62E+31 6.21E+19 4.90E+19 2.88E+14 2.55E+20 4.67E+23 1.27E+34 5.39E+17 1.96E+19 9.15E+19 7.25E+20 2.43E+21 2.43E+20 3.35E+20 3.85E+20 4.32E+20 4.80E+20 5.28E+20 5.71E+20 6.25E+20 7.46E+20 1.05E+21 1.48E+21 1.66E+21 8.83E+21 0.00E+00 0.00E+00 0.00E+00 0.00E+00 0.00E+00 0.00E+00 0.00E+00 0.00E+00 0.00E+00 0.00E+00 0.00E+00 0.00E+00 0.00E+00 0.00E+00 0.00E+00 0.00E+00 0.00E+00 0.00E+00 0.00E+00 0.00E+00
 170.00  3.555  3.43E+36 6.61E+35 1.52E+37 2.78E+20 6.72E+22 1.17E+23 3.15E+22 4.08E+19 2.07E+33 2.96E+20 2.32E+20 6.16E+14 1.43E+21 4.55E+24 6.59E+35 1.07E+18 3.91E+19 1.83E+20 1.45E+21 4.86E+21 7.23E+20 1.00E+21 1.15E+21 1.29E+21 1.44E+21 1.58E+21 1.71E+21 1.87E+21 2.24E+21 3.14E+21 4.44E+21 4.98E+21 2.65E+22 0.00E+00 0.00E+00 0.00E+00 0.00E+00 0.00E+00 0.00E+00 0.00E+00 0.00E+00 0.00E+00 0.00E+00 0.00E+00 0.00E+00 0.00E+00 0.00E+00 0.00E+00 0.00E+00 0.00E+00 0.00E+00 0.00E+00 0.00E+00
 180.00  3.658  1.78E+38 3.43E+37 7.87E+38 5.56E+20 1.34E+23 2.34E+23 6.30E+22 8.13E+19 6.47E+34 1.41E+21 1.10E+21 1.32E+15 8.02E+21 4.43E+25 3.42E+37 2.14E+18 7.82E+19 3.66E+20 2.90E+21 9.72E+21 2.15E+21 2.98E+21 3.44E+21 3.86E+21 4.30E+21 4.73E+21 5.12E+21 5.61E+21 6.70E+21 9.41E+21 1.33E+22 1.49E+22 7.94E+22 0.00E+00 0.00E+00 0.00E+00 0.00E+00 0.00E+00 0.00E+00 0.00E+00 0.00E+00 0.00E+00 0.00E+00 0.00E+00 0.00E+00 0.00E+00 0.00E+00 0.00E+00 0.00E+00 0.00E+00 0.00E+00 0.00E+00 0.00E+00
 190.00  3.758  9.23E+39 1.78E+39 4.08E+40 1.11E+21 2.69E+23 4.68E+23 1.26E+23 1.62E+20 2.02E+36 6.70E+21 5.19E+21 2.82E+15 4.49E+22 4.31E+26 1.77E+39 4.26E+18 1.56E+20 7.31E+20 5.79E+21 1.94E+22 6.42E+21 8.91E+21 1.03E+22 1.15E+22 1.28E+22 1.42E+22 1.53E+22 1.68E+22 2.01E+22 2.82E+22 3.99E+22 4.48E+22 2.38E+23 0.00E+00 0.00E+00 0.00E+00 0.00E+00 0.00E+00 0.00E+00 0.00E+00 0.00E+00 0.00E+00 0.00E+00 0.00E+00 0.00E+00 0.00E+00 0.00E+00 0.00E+00 0.00E+00 0.00E+00 0.00E+00 0.00E+00 0.00E+00
 200.00  3.855  4.79E+41 9.22E+40 2.12E+42 2.22E+21 5.37E+23 9.36E+23 2.52E+23 3.23E+20 6.32E+37 3.19E+22 2.46E+22 6.02E+15 2.51E+23 4.20E+27 9.22E+40 8.48E+18 3.12E+20 1.46E+21 1.16E+22 3.89E+22 1.91E+22 2.66E+22 3.07E+22 3.45E+22 3.84E+22 4.24E+22 4.59E+22 5.03E+22 6.02E+22 8.46E+22 1.20E+23 1.34E+23 7.14E+23 0.00E+00 0.00E+00 0.00E+00 0.00E+00 0.00E+00 0.00E+00 0.00E+00 0.00E+00 0.00E+00 0.00E+00 0.00E+00 0.00E+00 0.00E+00 0.00E+00 0.00E+00 0.00E+00 0.00E+00 0.00E+00 0.00E+00 0.00E+00
 
