                    *********************************************************************************
                    *  Z= 65 A=160: Positive-Parity Spin-dependent Level Density [MeV-1] for TB160  *
                    *********************************************************************************
 U[MeV]  T[MeV]  NCUMUL   RHOOBS   RHOTOT     J=00     J=01     J=02     J=03     J=04     J=05     J=06     J=07     J=08     J=09     J=10     J=11     J=12     J=13     J=14     J=15     J=16     J=17     J=18     J=19     J=20     J=21     J=22     J=23     J=24     J=25     J=26     J=27     J=28     J=29     J=30     J=31     J=32     J=33     J=34     J=35     J=36     J=37     J=38     J=39     J=40     J=41     J=42     J=43     J=44     J=45     J=46     J=47     J=48     J=49
   0.25  0.131  9.00E+00 6.97E+01 6.07E+02 6.52E+00 3.33E+00 1.06E+01 6.28E+00 1.54E+01 1.09E+01 9.10E+00 6.07E+00 1.52E+00 0.00E+00 0.00E+00 0.00E+00 0.00E+00 0.00E+00 0.00E+00 0.00E+00 0.00E+00 0.00E+00 0.00E+00 0.00E+00 0.00E+00 0.00E+00 0.00E+00 0.00E+00 0.00E+00 0.00E+00 0.00E+00 0.00E+00 0.00E+00 0.00E+00 0.00E+00 0.00E+00 0.00E+00 0.00E+00 0.00E+00 0.00E+00 0.00E+00 0.00E+00 0.00E+00 0.00E+00 0.00E+00 0.00E+00 0.00E+00 0.00E+00 0.00E+00 0.00E+00 0.00E+00 0.00E+00 0.00E+00 0.00E+00
   0.50  0.185  2.80E+01 7.83E+01 8.62E+02 6.52E+00 1.67E+00 7.58E+00 1.57E+00 1.07E+01 1.09E+01 1.82E+01 1.06E+01 6.07E+00 4.55E+00 0.00E+00 0.00E+00 0.00E+00 0.00E+00 0.00E+00 0.00E+00 0.00E+00 0.00E+00 0.00E+00 0.00E+00 0.00E+00 0.00E+00 0.00E+00 0.00E+00 0.00E+00 0.00E+00 0.00E+00 0.00E+00 0.00E+00 0.00E+00 0.00E+00 0.00E+00 0.00E+00 0.00E+00 0.00E+00 0.00E+00 0.00E+00 0.00E+00 0.00E+00 0.00E+00 0.00E+00 0.00E+00 0.00E+00 0.00E+00 0.00E+00 0.00E+00 0.00E+00 0.00E+00 0.00E+00 0.00E+00
   0.75  0.227  5.50E+01 1.37E+02 1.59E+03 6.52E+00 3.27E+00 1.39E+01 1.42E+01 2.13E+01 1.22E+01 1.85E+01 9.11E+00 1.83E+01 1.21E+01 6.07E+00 1.52E+00 0.00E+00 0.00E+00 0.00E+00 0.00E+00 0.00E+00 0.00E+00 0.00E+00 0.00E+00 0.00E+00 0.00E+00 0.00E+00 0.00E+00 0.00E+00 0.00E+00 0.00E+00 0.00E+00 0.00E+00 0.00E+00 0.00E+00 0.00E+00 0.00E+00 0.00E+00 0.00E+00 0.00E+00 0.00E+00 0.00E+00 0.00E+00 0.00E+00 0.00E+00 0.00E+00 0.00E+00 0.00E+00 0.00E+00 0.00E+00 0.00E+00 0.00E+00 0.00E+00 0.00E+00
   1.00  0.262  9.70E+01 2.00E+02 2.25E+03 8.18E+00 7.82E+00 2.48E+01 2.50E+01 3.04E+01 1.67E+01 2.77E+01 1.37E+01 1.38E+01 1.21E+01 1.21E+01 6.07E+00 1.52E+00 0.00E+00 0.00E+00 0.00E+00 0.00E+00 0.00E+00 0.00E+00 0.00E+00 0.00E+00 0.00E+00 0.00E+00 0.00E+00 0.00E+00 0.00E+00 0.00E+00 0.00E+00 0.00E+00 0.00E+00 0.00E+00 0.00E+00 0.00E+00 0.00E+00 0.00E+00 0.00E+00 0.00E+00 0.00E+00 0.00E+00 0.00E+00 0.00E+00 0.00E+00 0.00E+00 0.00E+00 0.00E+00 0.00E+00 0.00E+00 0.00E+00 0.00E+00 0.00E+00
   1.25  0.293  1.70E+02 3.84E+02 4.48E+03 1.77E+01 1.39E+01 4.79E+01 3.83E+01 5.18E+01 4.31E+01 4.61E+01 3.04E+01 3.05E+01 1.99E+01 1.52E+01 1.21E+01 1.21E+01 4.55E+00 0.00E+00 0.00E+00 0.00E+00 0.00E+00 0.00E+00 0.00E+00 0.00E+00 0.00E+00 0.00E+00 0.00E+00 0.00E+00 0.00E+00 0.00E+00 0.00E+00 0.00E+00 0.00E+00 0.00E+00 0.00E+00 0.00E+00 0.00E+00 0.00E+00 0.00E+00 0.00E+00 0.00E+00 0.00E+00 0.00E+00 0.00E+00 0.00E+00 0.00E+00 0.00E+00 0.00E+00 0.00E+00 0.00E+00 0.00E+00 0.00E+00 0.00E+00
   1.50  0.321  2.84E+02 5.35E+02 6.34E+03 2.73E+01 1.72E+01 5.99E+01 4.58E+01 7.64E+01 6.61E+01 6.55E+01 4.71E+01 4.11E+01 2.61E+01 2.43E+01 7.58E+00 1.82E+01 9.10E+00 3.03E+00 0.00E+00 0.00E+00 0.00E+00 0.00E+00 0.00E+00 0.00E+00 0.00E+00 0.00E+00 0.00E+00 0.00E+00 0.00E+00 0.00E+00 0.00E+00 0.00E+00 0.00E+00 0.00E+00 0.00E+00 0.00E+00 0.00E+00 0.00E+00 0.00E+00 0.00E+00 0.00E+00 0.00E+00 0.00E+00 0.00E+00 0.00E+00 0.00E+00 0.00E+00 0.00E+00 0.00E+00 0.00E+00 0.00E+00 0.00E+00 0.00E+00
   1.75  0.347  4.95E+02 1.15E+03 1.29E+04 7.63E+01 4.35E+01 1.53E+02 1.12E+02 1.80E+02 1.20E+02 1.33E+02 8.22E+01 8.57E+01 5.17E+01 4.25E+01 2.28E+01 2.14E+01 1.21E+01 1.21E+01 4.55E+00 0.00E+00 0.00E+00 0.00E+00 0.00E+00 0.00E+00 0.00E+00 0.00E+00 0.00E+00 0.00E+00 0.00E+00 0.00E+00 0.00E+00 0.00E+00 0.00E+00 0.00E+00 0.00E+00 0.00E+00 0.00E+00 0.00E+00 0.00E+00 0.00E+00 0.00E+00 0.00E+00 0.00E+00 0.00E+00 0.00E+00 0.00E+00 0.00E+00 0.00E+00 0.00E+00 0.00E+00 0.00E+00 0.00E+00 0.00E+00
   2.00  0.371  8.81E+02 1.93E+03 2.14E+04 1.23E+02 8.13E+01 2.55E+02 1.92E+02 2.95E+02 2.06E+02 2.39E+02 1.53E+02 1.26E+02 8.20E+01 6.07E+01 4.26E+01 3.38E+01 1.52E+01 1.82E+01 9.10E+00 1.52E+00 0.00E+00 0.00E+00 0.00E+00 0.00E+00 0.00E+00 0.00E+00 0.00E+00 0.00E+00 0.00E+00 0.00E+00 0.00E+00 0.00E+00 0.00E+00 0.00E+00 0.00E+00 0.00E+00 0.00E+00 0.00E+00 0.00E+00 0.00E+00 0.00E+00 0.00E+00 0.00E+00 0.00E+00 0.00E+00 0.00E+00 0.00E+00 0.00E+00 0.00E+00 0.00E+00 0.00E+00 0.00E+00 0.00E+00
   2.25  0.393  1.63E+03 4.07E+03 4.62E+04 1.87E+02 1.60E+02 4.87E+02 4.29E+02 6.37E+02 4.36E+02 5.42E+02 3.32E+02 3.20E+02 1.86E+02 1.30E+02 8.08E+01 6.57E+01 3.03E+01 2.43E+01 1.21E+01 1.21E+01 1.52E+00 0.00E+00 0.00E+00 0.00E+00 0.00E+00 0.00E+00 0.00E+00 0.00E+00 0.00E+00 0.00E+00 0.00E+00 0.00E+00 0.00E+00 0.00E+00 0.00E+00 0.00E+00 0.00E+00 0.00E+00 0.00E+00 0.00E+00 0.00E+00 0.00E+00 0.00E+00 0.00E+00 0.00E+00 0.00E+00 0.00E+00 0.00E+00 0.00E+00 0.00E+00 0.00E+00 0.00E+00 0.00E+00
   2.50  0.415  2.95E+03 6.45E+03 7.50E+04 2.44E+02 2.43E+02 7.21E+02 6.88E+02 9.69E+02 7.16E+02 8.25E+02 5.81E+02 5.47E+02 3.25E+02 2.39E+02 1.23E+02 9.60E+01 5.34E+01 3.49E+01 1.68E+01 1.82E+01 6.07E+00 1.52E+00 0.00E+00 0.00E+00 0.00E+00 0.00E+00 0.00E+00 0.00E+00 0.00E+00 0.00E+00 0.00E+00 0.00E+00 0.00E+00 0.00E+00 0.00E+00 0.00E+00 0.00E+00 0.00E+00 0.00E+00 0.00E+00 0.00E+00 0.00E+00 0.00E+00 0.00E+00 0.00E+00 0.00E+00 0.00E+00 0.00E+00 0.00E+00 0.00E+00 0.00E+00 0.00E+00 0.00E+00
   2.75  0.435  5.25E+03 1.20E+04 1.46E+05 4.03E+02 4.13E+02 1.22E+03 1.16E+03 1.65E+03 1.32E+03 1.52E+03 1.15E+03 1.11E+03 7.06E+02 5.71E+02 3.12E+02 1.98E+02 1.01E+02 7.60E+01 3.20E+01 2.58E+01 1.21E+01 6.07E+00 0.00E+00 0.00E+00 0.00E+00 0.00E+00 0.00E+00 0.00E+00 0.00E+00 0.00E+00 0.00E+00 0.00E+00 0.00E+00 0.00E+00 0.00E+00 0.00E+00 0.00E+00 0.00E+00 0.00E+00 0.00E+00 0.00E+00 0.00E+00 0.00E+00 0.00E+00 0.00E+00 0.00E+00 0.00E+00 0.00E+00 0.00E+00 0.00E+00 0.00E+00 0.00E+00 0.00E+00
   3.00  0.454  9.02E+03 1.82E+04 2.27E+05 5.96E+02 6.02E+02 1.78E+03 1.69E+03 2.41E+03 1.96E+03 2.24E+03 1.75E+03 1.70E+03 1.16E+03 9.51E+02 5.51E+02 3.74E+02 1.71E+02 1.16E+02 5.76E+01 4.11E+01 9.10E+00 1.21E+01 4.55E+00 0.00E+00 0.00E+00 0.00E+00 0.00E+00 0.00E+00 0.00E+00 0.00E+00 0.00E+00 0.00E+00 0.00E+00 0.00E+00 0.00E+00 0.00E+00 0.00E+00 0.00E+00 0.00E+00 0.00E+00 0.00E+00 0.00E+00 0.00E+00 0.00E+00 0.00E+00 0.00E+00 0.00E+00 0.00E+00 0.00E+00 0.00E+00 0.00E+00 0.00E+00 0.00E+00
   3.25  0.473  1.54E+04 3.31E+04 4.23E+05 1.13E+03 1.08E+03 3.19E+03 2.95E+03 4.18E+03 3.46E+03 4.04E+03 3.14E+03 2.96E+03 2.20E+03 1.86E+03 1.18E+03 8.58E+02 4.01E+02 2.59E+02 1.17E+02 7.77E+01 3.20E+01 1.36E+01 1.21E+01 3.03E+00 0.00E+00 0.00E+00 0.00E+00 0.00E+00 0.00E+00 0.00E+00 0.00E+00 0.00E+00 0.00E+00 0.00E+00 0.00E+00 0.00E+00 0.00E+00 0.00E+00 0.00E+00 0.00E+00 0.00E+00 0.00E+00 0.00E+00 0.00E+00 0.00E+00 0.00E+00 0.00E+00 0.00E+00 0.00E+00 0.00E+00 0.00E+00 0.00E+00 0.00E+00
   3.50  0.491  2.57E+04 4.87E+04 6.32E+05 1.62E+03 1.51E+03 4.50E+03 4.18E+03 6.12E+03 5.07E+03 5.78E+03 4.55E+03 4.47E+03 3.33E+03 2.74E+03 1.86E+03 1.36E+03 7.27E+02 4.69E+02 1.83E+02 1.16E+02 5.66E+01 2.73E+01 1.21E+01 9.10E+00 0.00E+00 0.00E+00 0.00E+00 0.00E+00 0.00E+00 0.00E+00 0.00E+00 0.00E+00 0.00E+00 0.00E+00 0.00E+00 0.00E+00 0.00E+00 0.00E+00 0.00E+00 0.00E+00 0.00E+00 0.00E+00 0.00E+00 0.00E+00 0.00E+00 0.00E+00 0.00E+00 0.00E+00 0.00E+00 0.00E+00 0.00E+00 0.00E+00 0.00E+00
   3.75  0.508  4.25E+04 8.61E+04 1.14E+06 2.76E+03 2.60E+03 7.72E+03 7.23E+03 1.06E+04 8.67E+03 1.02E+04 8.01E+03 7.89E+03 5.91E+03 5.02E+03 3.40E+03 2.62E+03 1.52E+03 1.05E+03 4.42E+02 2.42E+02 1.08E+02 6.07E+01 2.28E+01 1.83E+01 6.07E+00 0.00E+00 0.00E+00 0.00E+00 0.00E+00 0.00E+00 0.00E+00 0.00E+00 0.00E+00 0.00E+00 0.00E+00 0.00E+00 0.00E+00 0.00E+00 0.00E+00 0.00E+00 0.00E+00 0.00E+00 0.00E+00 0.00E+00 0.00E+00 0.00E+00 0.00E+00 0.00E+00 0.00E+00 0.00E+00 0.00E+00 0.00E+00 0.00E+00
   4.00  0.524  6.92E+04 1.27E+05 1.70E+06 3.97E+03 3.82E+03 1.13E+04 1.07E+04 1.57E+04 1.28E+04 1.47E+04 1.18E+04 1.16E+04 8.77E+03 7.40E+03 5.19E+03 3.95E+03 2.39E+03 1.68E+03 8.07E+02 4.47E+02 1.61E+02 8.97E+01 3.51E+01 1.99E+01 1.21E+01 1.52E+00 0.00E+00 0.00E+00 0.00E+00 0.00E+00 0.00E+00 0.00E+00 0.00E+00 0.00E+00 0.00E+00 0.00E+00 0.00E+00 0.00E+00 0.00E+00 0.00E+00 0.00E+00 0.00E+00 0.00E+00 0.00E+00 0.00E+00 0.00E+00 0.00E+00 0.00E+00 0.00E+00 0.00E+00 0.00E+00 0.00E+00 0.00E+00
   4.25  0.541  1.13E+05 2.25E+05 3.04E+06 6.72E+03 6.64E+03 1.97E+04 1.89E+04 2.69E+04 2.21E+04 2.61E+04 2.09E+04 2.05E+04 1.54E+04 1.33E+04 9.39E+03 7.19E+03 4.47E+03 3.28E+03 1.73E+03 1.06E+03 3.98E+02 1.88E+02 7.95E+01 4.47E+01 1.06E+01 1.21E+01 1.52E+00 0.00E+00 0.00E+00 0.00E+00 0.00E+00 0.00E+00 0.00E+00 0.00E+00 0.00E+00 0.00E+00 0.00E+00 0.00E+00 0.00E+00 0.00E+00 0.00E+00 0.00E+00 0.00E+00 0.00E+00 0.00E+00 0.00E+00 0.00E+00 0.00E+00 0.00E+00 0.00E+00 0.00E+00 0.00E+00 0.00E+00
   4.50  0.556  1.83E+05 3.29E+05 4.50E+06 9.59E+03 9.39E+03 2.80E+04 2.69E+04 3.93E+04 3.28E+04 3.78E+04 3.03E+04 3.01E+04 2.27E+04 1.97E+04 1.40E+04 1.08E+04 6.71E+03 5.05E+03 2.76E+03 1.74E+03 7.39E+02 3.63E+02 1.39E+02 7.64E+01 2.43E+01 1.82E+01 6.07E+00 0.00E+00 0.00E+00 0.00E+00 0.00E+00 0.00E+00 0.00E+00 0.00E+00 0.00E+00 0.00E+00 0.00E+00 0.00E+00 0.00E+00 0.00E+00 0.00E+00 0.00E+00 0.00E+00 0.00E+00 0.00E+00 0.00E+00 0.00E+00 0.00E+00 0.00E+00 0.00E+00 0.00E+00 0.00E+00 0.00E+00
   4.75  0.571  2.95E+05 5.73E+05 7.96E+06 1.63E+04 1.60E+04 4.78E+04 4.59E+04 6.63E+04 5.52E+04 6.56E+04 5.35E+04 5.28E+04 4.02E+04 3.52E+04 2.52E+04 1.96E+04 1.24E+04 9.37E+03 5.36E+03 3.47E+03 1.69E+03 8.86E+02 3.30E+02 1.53E+02 6.10E+01 3.08E+01 1.38E+01 1.52E+00 0.00E+00 0.00E+00 0.00E+00 0.00E+00 0.00E+00 0.00E+00 0.00E+00 0.00E+00 0.00E+00 0.00E+00 0.00E+00 0.00E+00 0.00E+00 0.00E+00 0.00E+00 0.00E+00 0.00E+00 0.00E+00 0.00E+00 0.00E+00 0.00E+00 0.00E+00 0.00E+00 0.00E+00 0.00E+00
   5.00  0.586  4.70E+05 8.23E+05 1.16E+07 2.27E+04 2.25E+04 6.68E+04 6.41E+04 9.43E+04 7.95E+04 9.36E+04 7.61E+04 7.59E+04 5.91E+04 5.11E+04 3.70E+04 2.92E+04 1.85E+04 1.42E+04 8.08E+03 5.33E+03 2.86E+03 1.54E+03 5.50E+02 2.48E+02 9.81E+01 5.37E+01 1.38E+01 6.07E+00 0.00E+00 0.00E+00 0.00E+00 0.00E+00 0.00E+00 0.00E+00 0.00E+00 0.00E+00 0.00E+00 0.00E+00 0.00E+00 0.00E+00 0.00E+00 0.00E+00 0.00E+00 0.00E+00 0.00E+00 0.00E+00 0.00E+00 0.00E+00 0.00E+00 0.00E+00 0.00E+00 0.00E+00 0.00E+00
   5.50  0.615  1.18E+06 2.00E+06 2.88E+07 5.33E+04 5.28E+04 1.57E+05 1.51E+05 2.23E+05 1.89E+05 2.22E+05 1.82E+05 1.85E+05 1.45E+05 1.28E+05 9.47E+04 7.60E+04 4.98E+04 3.82E+04 2.26E+04 1.53E+04 8.57E+03 5.16E+03 2.45E+03 1.17E+03 4.19E+02 1.78E+02 5.78E+01 2.17E+01 1.11E+01 0.00E+00 0.00E+00 0.00E+00 0.00E+00 0.00E+00 0.00E+00 0.00E+00 0.00E+00 0.00E+00 0.00E+00 0.00E+00 0.00E+00 0.00E+00 0.00E+00 0.00E+00 0.00E+00 0.00E+00 0.00E+00 0.00E+00 0.00E+00 0.00E+00 0.00E+00 0.00E+00 0.00E+00
   6.00  0.642  2.87E+06 4.77E+06 6.99E+07 1.24E+05 1.22E+05 3.62E+05 3.49E+05 5.18E+05 4.41E+05 5.22E+05 4.31E+05 4.39E+05 3.49E+05 3.10E+05 2.34E+05 1.91E+05 1.27E+05 1.00E+05 6.11E+04 4.26E+04 2.45E+04 1.49E+04 7.94E+03 4.31E+03 1.82E+03 7.30E+02 2.58E+02 1.12E+02 3.74E+01 1.56E+01 4.16E-01 3.00E-01 0.00E+00 0.00E+00 0.00E+00 0.00E+00 0.00E+00 0.00E+00 0.00E+00 0.00E+00 0.00E+00 0.00E+00 0.00E+00 0.00E+00 0.00E+00 0.00E+00 0.00E+00 0.00E+00 0.00E+00 0.00E+00 0.00E+00 0.00E+00 0.00E+00
   6.50  0.668  6.88E+06 1.13E+07 1.68E+08 2.82E+05 2.80E+05 8.31E+05 8.04E+05 1.19E+06 1.02E+06 1.21E+06 1.02E+06 1.03E+06 8.27E+05 7.41E+05 5.65E+05 4.66E+05 3.15E+05 2.53E+05 1.59E+05 1.13E+05 6.75E+04 4.25E+04 2.32E+04 1.30E+04 6.46E+03 3.11E+03 1.21E+03 4.41E+02 1.71E+02 7.52E+01 3.07E+01 7.27E+00 1.50E-01 0.00E+00 0.00E+00 0.00E+00 0.00E+00 0.00E+00 0.00E+00 0.00E+00 0.00E+00 0.00E+00 0.00E+00 0.00E+00 0.00E+00 0.00E+00 0.00E+00 0.00E+00 0.00E+00 0.00E+00 0.00E+00 0.00E+00 0.00E+00
   7.00  0.694  1.63E+07 2.62E+07 3.97E+08 6.38E+05 6.34E+05 1.88E+06 1.83E+06 2.71E+06 2.34E+06 2.77E+06 2.35E+06 2.40E+06 1.94E+06 1.76E+06 1.35E+06 1.12E+06 7.66E+05 6.22E+05 3.98E+05 2.90E+05 1.79E+05 1.16E+05 6.58E+04 3.79E+04 2.00E+04 1.08E+04 5.04E+03 2.02E+03 7.46E+02 3.39E+02 1.19E+02 4.51E+01 1.24E+01 1.52E+00 0.00E+00 0.00E+00 0.00E+00 0.00E+00 0.00E+00 0.00E+00 0.00E+00 0.00E+00 0.00E+00 0.00E+00 0.00E+00 0.00E+00 0.00E+00 0.00E+00 0.00E+00 0.00E+00 0.00E+00 0.00E+00 0.00E+00
   7.50  0.718  3.79E+07 6.02E+07 9.24E+08 1.43E+06 1.42E+06 4.22E+06 4.09E+06 6.10E+06 5.27E+06 6.28E+06 5.34E+06 5.49E+06 4.47E+06 4.07E+06 3.16E+06 2.65E+06 1.84E+06 1.50E+06 9.79E+05 7.25E+05 4.58E+05 3.04E+05 1.79E+05 1.07E+05 5.89E+04 3.26E+04 1.64E+04 7.76E+03 3.35E+03 1.46E+03 5.76E+02 2.30E+02 1.05E+02 1.52E+01 0.00E+00 0.00E+00 0.00E+00 0.00E+00 0.00E+00 0.00E+00 0.00E+00 0.00E+00 0.00E+00 0.00E+00 0.00E+00 0.00E+00 0.00E+00 0.00E+00 0.00E+00 0.00E+00 0.00E+00 0.00E+00 0.00E+00
   8.00  0.742  8.68E+07 1.36E+08 2.12E+09 3.09E+06 3.06E+06 9.11E+06 8.84E+06 1.34E+07 1.17E+07 1.40E+07 1.20E+07 1.24E+07 1.01E+07 9.29E+06 7.28E+06 6.16E+06 4.33E+06 3.58E+06 2.37E+06 1.77E+06 1.14E+06 7.71E+05 4.66E+05 2.87E+05 1.65E+05 9.42E+04 4.98E+04 2.48E+04 1.21E+04 5.80E+03 2.51E+03 1.07E+03 2.82E+02 5.00E+01 0.00E+00 0.00E+00 0.00E+00 0.00E+00 0.00E+00 0.00E+00 0.00E+00 0.00E+00 0.00E+00 0.00E+00 0.00E+00 0.00E+00 0.00E+00 0.00E+00 0.00E+00 0.00E+00 0.00E+00 0.00E+00 0.00E+00
   8.50  0.764  1.97E+08 3.04E+08 4.81E+09 6.76E+06 6.71E+06 2.00E+07 1.94E+07 2.95E+07 2.59E+07 3.10E+07 2.66E+07 2.75E+07 2.27E+07 2.10E+07 1.65E+07 1.41E+07 1.00E+07 8.36E+06 5.63E+06 4.26E+06 2.80E+06 1.92E+06 1.19E+06 7.41E+05 4.40E+05 2.61E+05 1.44E+05 7.44E+04 3.81E+04 2.00E+04 9.47E+03 2.91E+03 7.89E+02 1.29E+02 0.00E+00 0.00E+00 0.00E+00 0.00E+00 0.00E+00 0.00E+00 0.00E+00 0.00E+00 0.00E+00 0.00E+00 0.00E+00 0.00E+00 0.00E+00 0.00E+00 0.00E+00 0.00E+00 0.00E+00 0.00E+00 0.00E+00
   9.00  0.787  4.41E+08 6.74E+08 1.08E+10 1.47E+07 1.46E+07 4.35E+07 4.23E+07 6.44E+07 5.66E+07 6.80E+07 5.89E+07 6.08E+07 5.05E+07 4.68E+07 3.71E+07 3.20E+07 2.29E+07 1.93E+07 1.31E+07 1.00E+07 6.73E+06 4.67E+06 2.95E+06 1.88E+06 1.15E+06 6.96E+05 3.97E+05 2.14E+05 1.15E+05 6.26E+04 2.40E+04 7.27E+03 2.34E+03 4.22E+02 0.00E+00 0.00E+00 0.00E+00 0.00E+00 0.00E+00 0.00E+00 0.00E+00 0.00E+00 0.00E+00 0.00E+00 0.00E+00 0.00E+00 0.00E+00 0.00E+00 0.00E+00 0.00E+00 0.00E+00 0.00E+00 0.00E+00
   9.50  0.808  9.80E+08 1.48E+09 2.41E+10 3.17E+07 3.15E+07 9.37E+07 9.13E+07 1.39E+08 1.23E+08 1.48E+08 1.28E+08 1.33E+08 1.11E+08 1.04E+08 8.27E+07 7.17E+07 5.16E+07 4.38E+07 3.02E+07 2.34E+07 1.59E+07 1.12E+07 7.18E+06 4.65E+06 2.91E+06 1.80E+06 1.06E+06 5.90E+05 3.28E+05 1.33E+05 4.99E+04 1.69E+04 5.81E+03 1.13E+03 0.00E+00 0.00E+00 0.00E+00 0.00E+00 0.00E+00 0.00E+00 0.00E+00 0.00E+00 0.00E+00 0.00E+00 0.00E+00 0.00E+00 0.00E+00 0.00E+00 0.00E+00 0.00E+00 0.00E+00 0.00E+00 0.00E+00
  10.00  0.829  2.16E+09 3.23E+09 5.30E+10 6.77E+07 6.72E+07 2.00E+08 1.95E+08 2.99E+08 2.64E+08 3.18E+08 2.78E+08 2.89E+08 2.42E+08 2.27E+08 1.82E+08 1.59E+08 1.15E+08 9.85E+07 6.84E+07 5.36E+07 3.69E+07 2.62E+07 1.72E+07 1.13E+07 7.21E+06 4.55E+06 2.75E+06 1.48E+06 6.71E+05 2.65E+05 1.08E+05 3.87E+04 1.49E+04 3.21E+03 0.00E+00 0.00E+00 0.00E+00 0.00E+00 0.00E+00 0.00E+00 0.00E+00 0.00E+00 0.00E+00 0.00E+00 0.00E+00 0.00E+00 0.00E+00 0.00E+00 0.00E+00 0.00E+00 0.00E+00 0.00E+00 0.00E+00
  11.00  0.870  1.13E+10 1.50E+10 2.50E+11 3.02E+08 3.00E+08 8.95E+08 8.75E+08 1.34E+09 1.19E+09 1.44E+09 1.27E+09 1.32E+09 1.12E+09 1.06E+09 8.59E+08 7.56E+08 5.57E+08 4.82E+08 3.42E+08 2.72E+08 1.91E+08 1.39E+08 9.34E+07 6.32E+07 4.18E+07 2.30E+07 1.14E+07 5.53E+06 2.65E+06 1.14E+06 4.98E+05 1.99E+05 9.48E+04 2.17E+04 0.00E+00 0.00E+00 0.00E+00 0.00E+00 0.00E+00 0.00E+00 0.00E+00 0.00E+00 0.00E+00 0.00E+00 0.00E+00 0.00E+00 0.00E+00 0.00E+00 0.00E+00 0.00E+00 0.00E+00 0.00E+00 0.00E+00
  12.00  0.908  5.21E+10 6.68E+10 1.13E+12 1.31E+09 1.30E+09 3.89E+09 3.81E+09 5.84E+09 5.21E+09 6.33E+09 5.59E+09 5.89E+09 5.01E+09 4.77E+09 3.91E+09 3.47E+09 2.59E+09 2.26E+09 1.63E+09 1.32E+09 9.45E+08 7.00E+08 4.33E+08 2.57E+08 1.40E+08 7.66E+07 3.92E+07 1.99E+07 9.52E+06 4.49E+06 2.06E+06 9.10E+05 5.15E+05 1.14E+05 0.00E+00 0.00E+00 0.00E+00 0.00E+00 0.00E+00 0.00E+00 0.00E+00 0.00E+00 0.00E+00 0.00E+00 0.00E+00 0.00E+00 0.00E+00 0.00E+00 0.00E+00 0.00E+00 0.00E+00 0.00E+00 0.00E+00
  13.00  0.945  2.29E+11 2.88E+11 4.82E+12 5.69E+09 5.66E+09 1.69E+10 1.65E+10 2.51E+10 2.23E+10 2.72E+10 2.41E+10 2.56E+10 2.19E+10 2.10E+10 1.74E+10 1.55E+10 1.17E+10 1.03E+10 7.28E+09 5.36E+09 3.21E+09 2.15E+09 1.22E+09 7.78E+08 4.13E+08 2.42E+08 1.22E+08 6.65E+07 3.22E+07 1.65E+07 7.85E+06 3.82E+06 2.62E+06 5.00E+05 0.00E+00 0.00E+00 0.00E+00 0.00E+00 0.00E+00 0.00E+00 0.00E+00 0.00E+00 0.00E+00 0.00E+00 0.00E+00 0.00E+00 0.00E+00 0.00E+00 0.00E+00 0.00E+00 0.00E+00 0.00E+00 0.00E+00
  14.00  0.981  9.34E+11 1.12E+12 1.78E+13 2.35E+10 2.34E+10 6.98E+10 6.84E+10 1.04E+11 9.29E+10 1.13E+11 1.01E+11 1.08E+11 9.26E+10 8.64E+10 6.56E+10 5.44E+10 3.80E+10 2.99E+10 1.80E+10 1.26E+10 7.47E+09 5.19E+09 3.07E+09 2.07E+09 1.08E+09 6.40E+08 3.27E+08 1.95E+08 9.89E+07 5.29E+07 2.71E+07 1.44E+07 1.23E+07 1.85E+06 0.00E+00 0.00E+00 0.00E+00 0.00E+00 0.00E+00 0.00E+00 0.00E+00 0.00E+00 0.00E+00 0.00E+00 0.00E+00 0.00E+00 0.00E+00 0.00E+00 0.00E+00 0.00E+00 0.00E+00 0.00E+00 0.00E+00
  15.00  1.016  2.47E+12 1.95E+12 2.67E+13 5.48E+10 5.45E+10 1.63E+11 1.60E+11 2.51E+11 2.11E+11 2.40E+11 1.80E+11 1.52E+11 1.21E+11 1.07E+11 6.58E+10 5.93E+10 3.87E+10 3.38E+10 1.90E+10 1.47E+10 7.81E+09 6.19E+09 3.41E+09 2.51E+09 1.26E+09 8.04E+08 4.01E+08 2.55E+08 1.34E+08 7.65E+07 4.36E+07 2.66E+07 2.95E+07 2.72E+06 0.00E+00 0.00E+00 0.00E+00 0.00E+00 0.00E+00 0.00E+00 0.00E+00 0.00E+00 0.00E+00 0.00E+00 0.00E+00 0.00E+00 0.00E+00 0.00E+00 0.00E+00 0.00E+00 0.00E+00 0.00E+00 0.00E+00
  16.00  1.049  5.29E+12 3.70E+12 4.41E+13 1.28E+11 1.27E+11 3.80E+11 3.73E+11 6.04E+11 4.80E+11 5.06E+11 3.21E+11 2.15E+11 1.59E+11 1.34E+11 6.60E+10 6.48E+10 3.94E+10 3.83E+10 2.00E+10 1.71E+10 8.16E+09 7.38E+09 3.79E+09 3.04E+09 1.47E+09 1.01E+09 4.92E+08 3.34E+08 1.81E+08 1.11E+08 7.00E+07 4.93E+07 7.11E+07 4.00E+06 0.00E+00 0.00E+00 0.00E+00 0.00E+00 0.00E+00 0.00E+00 0.00E+00 0.00E+00 0.00E+00 0.00E+00 0.00E+00 0.00E+00 0.00E+00 0.00E+00 0.00E+00 0.00E+00 0.00E+00 0.00E+00 0.00E+00
  17.00  1.081  1.09E+13 7.51E+12 8.00E+13 2.98E+11 2.97E+11 8.87E+11 8.72E+11 1.46E+12 1.09E+12 1.07E+12 5.72E+11 3.05E+11 2.09E+11 1.66E+11 6.63E+10 7.07E+10 4.00E+10 4.33E+10 2.11E+10 1.98E+10 8.52E+09 8.80E+09 4.22E+09 3.68E+09 1.72E+09 1.27E+09 6.03E+08 4.38E+08 2.46E+08 1.60E+08 1.13E+08 9.14E+07 1.71E+08 5.89E+06 0.00E+00 0.00E+00 0.00E+00 0.00E+00 0.00E+00 0.00E+00 0.00E+00 0.00E+00 0.00E+00 0.00E+00 0.00E+00 0.00E+00 0.00E+00 0.00E+00 0.00E+00 0.00E+00 0.00E+00 0.00E+00 0.00E+00
  18.00  1.112  2.26E+13 1.60E+13 1.56E+14 6.96E+11 6.93E+11 2.07E+12 2.04E+12 3.51E+12 2.48E+12 2.26E+12 1.02E+12 4.31E+11 2.74E+11 2.06E+11 6.65E+10 7.72E+10 4.08E+10 4.90E+10 2.22E+10 2.31E+10 8.90E+09 1.05E+10 4.69E+09 4.45E+09 2.00E+09 1.60E+09 7.40E+08 5.73E+08 3.33E+08 2.31E+08 1.81E+08 1.69E+08 4.13E+08 8.66E+06 0.00E+00 0.00E+00 0.00E+00 0.00E+00 0.00E+00 0.00E+00 0.00E+00 0.00E+00 0.00E+00 0.00E+00 0.00E+00 0.00E+00 0.00E+00 0.00E+00 0.00E+00 0.00E+00 0.00E+00 0.00E+00 0.00E+00
  19.00  1.143  4.82E+13 3.51E+13 3.23E+14 1.62E+12 1.62E+12 4.83E+12 4.76E+12 8.46E+12 5.63E+12 4.76E+12 1.82E+12 6.09E+11 3.59E+11 2.57E+11 6.68E+10 8.43E+10 4.15E+10 5.55E+10 2.34E+10 2.68E+10 9.30E+09 1.25E+10 5.21E+09 5.39E+09 2.33E+09 2.01E+09 9.07E+08 7.51E+08 4.50E+08 3.34E+08 2.90E+08 3.14E+08 9.94E+08 1.27E+07 0.00E+00 0.00E+00 0.00E+00 0.00E+00 0.00E+00 0.00E+00 0.00E+00 0.00E+00 0.00E+00 0.00E+00 0.00E+00 0.00E+00 0.00E+00 0.00E+00 0.00E+00 0.00E+00 0.00E+00 0.00E+00 0.00E+00
  20.00  1.173  1.05E+14 7.84E+13 6.94E+14 3.78E+12 3.77E+12 1.13E+13 1.11E+13 2.04E+13 1.28E+13 1.01E+13 3.25E+12 8.62E+11 4.71E+11 3.19E+11 6.70E+10 9.21E+10 4.22E+10 6.28E+10 2.46E+10 3.12E+10 9.72E+09 1.49E+10 5.79E+09 6.53E+09 2.72E+09 2.52E+09 1.11E+09 9.83E+08 6.10E+08 4.83E+08 4.66E+08 5.82E+08 2.40E+09 1.87E+07 0.00E+00 0.00E+00 0.00E+00 0.00E+00 0.00E+00 0.00E+00 0.00E+00 0.00E+00 0.00E+00 0.00E+00 0.00E+00 0.00E+00 0.00E+00 0.00E+00 0.00E+00 0.00E+00 0.00E+00 0.00E+00 0.00E+00
  22.50  1.244  9.73E+14 6.16E+14 5.13E+15 3.14E+13 3.13E+13 9.37E+13 9.26E+13 1.84E+14 9.97E+13 6.52E+13 1.38E+13 2.05E+12 9.26E+11 5.50E+11 6.76E+10 1.15E+11 4.41E+10 8.55E+10 2.80E+10 4.55E+10 1.08E+10 2.32E+10 7.54E+09 1.05E+10 3.99E+09 4.47E+09 1.85E+09 1.93E+09 1.30E+09 1.21E+09 1.53E+09 2.72E+09 2.16E+10 4.92E+07 0.00E+00 0.00E+00 0.00E+00 0.00E+00 0.00E+00 0.00E+00 0.00E+00 0.00E+00 0.00E+00 0.00E+00 0.00E+00 0.00E+00 0.00E+00 0.00E+00 0.00E+00 0.00E+00 0.00E+00 0.00E+00 0.00E+00
  25.00  1.311  7.99E+15 5.00E+15 4.04E+16 2.61E+14 2.61E+14 7.80E+14 7.72E+14 1.66E+15 7.76E+14 4.22E+14 5.86E+13 4.88E+12 1.82E+12 9.47E+11 6.83E+10 1.43E+11 4.61E+10 1.16E+11 3.19E+10 6.63E+10 1.21E+10 3.61E+10 9.82E+09 1.70E+10 5.86E+09 7.91E+09 3.09E+09 3.79E+09 2.78E+09 3.04E+09 4.99E+09 1.27E+10 1.94E+11 1.29E+08 0.00E+00 0.00E+00 0.00E+00 0.00E+00 0.00E+00 0.00E+00 0.00E+00 0.00E+00 0.00E+00 0.00E+00 0.00E+00 0.00E+00 0.00E+00 0.00E+00 0.00E+00 0.00E+00 0.00E+00 0.00E+00 0.00E+00
  30.00  1.436  8.82E+17 3.45E+17 2.70E+18 1.80E+16 1.80E+16 5.40E+16 5.36E+16 1.35E+17 4.71E+16 1.77E+16 1.06E+15 2.76E+13 7.07E+12 2.81E+12 6.95E+10 2.22E+11 5.03E+10 2.16E+11 4.14E+10 1.41E+11 1.51E+10 8.70E+10 1.66E+10 4.44E+10 1.26E+10 2.48E+10 8.56E+09 1.46E+10 1.26E+10 1.92E+10 5.34E+10 2.78E+11 1.58E+13 8.90E+08 0.00E+00 0.00E+00 0.00E+00 0.00E+00 0.00E+00 0.00E+00 0.00E+00 0.00E+00 0.00E+00 0.00E+00 0.00E+00 0.00E+00 0.00E+00 0.00E+00 0.00E+00 0.00E+00 0.00E+00 0.00E+00 0.00E+00
  40.00  1.658  8.94E+21 1.79E+21 1.38E+22 8.60E+19 8.61E+19 2.58E+20 2.59E+20 8.94E+20 1.73E+20 3.12E+19 3.45E+17 8.83E+14 1.06E+14 2.48E+13 7.21E+10 5.33E+11 6.00E+10 7.45E+11 6.97E+10 6.36E+11 2.34E+10 5.07E+11 4.79E+10 3.01E+11 5.87E+10 2.44E+11 6.59E+10 2.16E+11 2.62E+11 7.65E+11 6.12E+12 1.33E+14 1.04E+17 4.23E+10 0.00E+00 0.00E+00 0.00E+00 0.00E+00 0.00E+00 0.00E+00 0.00E+00 0.00E+00 0.00E+00 0.00E+00 0.00E+00 0.00E+00 0.00E+00 0.00E+00 0.00E+00 0.00E+00 0.00E+00 0.00E+00 0.00E+00
  50.00  1.854  3.58E+22 3.58E+21 2.76E+22 1.72E+20 1.72E+20 5.17E+20 5.18E+20 1.79E+21 3.46E+20 6.25E+19 6.89E+17 2.83E+16 1.60E+15 2.19E+14 7.48E+10 1.28E+12 7.15E+10 2.56E+12 1.17E+11 2.87E+12 3.62E+10 2.96E+12 1.38E+11 2.05E+12 2.73E+11 2.40E+12 5.07E+11 3.20E+12 5.44E+12 3.05E+13 1.22E+13 2.65E+14 2.08E+17 2.01E+12 0.00E+00 0.00E+00 0.00E+00 0.00E+00 0.00E+00 0.00E+00 0.00E+00 0.00E+00 0.00E+00 0.00E+00 0.00E+00 0.00E+00 0.00E+00 0.00E+00 0.00E+00 0.00E+00 0.00E+00 0.00E+00 0.00E+00
  60.00  2.031  8.94E+22 7.15E+21 5.53E+22 3.44E+20 3.44E+20 1.03E+21 1.04E+21 3.58E+21 6.92E+20 1.25E+20 1.38E+18 9.05E+17 2.40E+16 1.93E+15 7.76E+10 3.09E+12 8.52E+10 8.84E+12 1.98E+11 1.30E+13 5.62E+10 1.72E+13 3.96E+11 1.39E+13 1.27E+12 2.36E+13 3.90E+12 4.74E+13 1.13E+14 1.21E+15 2.42E+13 5.30E+14 4.15E+17 9.54E+13 0.00E+00 0.00E+00 0.00E+00 0.00E+00 0.00E+00 0.00E+00 0.00E+00 0.00E+00 0.00E+00 0.00E+00 0.00E+00 0.00E+00 0.00E+00 0.00E+00 0.00E+00 0.00E+00 0.00E+00 0.00E+00 0.00E+00
  70.00  2.194  1.97E+23 1.43E+22 1.11E+23 6.88E+20 6.89E+20 2.07E+21 2.07E+21 7.15E+21 1.38E+21 2.50E+20 2.75E+18 2.90E+19 3.60E+17 1.70E+16 8.05E+10 7.42E+12 1.02E+11 3.04E+13 3.33E+11 5.85E+13 8.71E+10 1.00E+14 1.14E+12 9.43E+13 5.90E+12 2.32E+14 3.00E+13 7.03E+14 2.34E+15 4.83E+16 4.83E+13 1.06E+15 8.30E+17 4.53E+15 0.00E+00 0.00E+00 0.00E+00 0.00E+00 0.00E+00 0.00E+00 0.00E+00 0.00E+00 0.00E+00 0.00E+00 0.00E+00 0.00E+00 0.00E+00 0.00E+00 0.00E+00 0.00E+00 0.00E+00 0.00E+00 0.00E+00
  80.00  2.345  4.16E+23 2.95E+22 2.37E+23 1.38E+21 1.38E+21 4.13E+21 4.14E+21 1.43E+22 2.77E+21 4.99E+20 5.49E+18 9.28E+20 5.41E+18 1.50E+17 8.35E+10 1.79E+13 1.21E+11 1.05E+14 5.60E+11 2.64E+14 1.35E+11 5.86E+14 3.27E+12 6.41E+14 2.74E+13 2.28E+15 2.31E+14 1.04E+16 4.85E+16 1.92E+18 9.61E+13 2.11E+15 1.66E+18 2.15E+17 0.00E+00 0.00E+00 0.00E+00 0.00E+00 0.00E+00 0.00E+00 0.00E+00 0.00E+00 0.00E+00 0.00E+00 0.00E+00 0.00E+00 0.00E+00 0.00E+00 0.00E+00 0.00E+00 0.00E+00 0.00E+00 0.00E+00
  90.00  2.487  9.99E+23 8.71E+22 9.53E+23 2.75E+21 2.75E+21 8.27E+21 8.28E+21 2.86E+22 5.54E+21 9.98E+20 1.10E+19 2.97E+22 8.13E+19 1.32E+18 8.66E+10 4.30E+13 1.44E+11 3.61E+14 9.42E+11 1.19E+15 2.09E+11 3.41E+15 9.41E+12 4.35E+15 1.27E+14 2.25E+16 1.78E+15 1.54E+17 1.01E+18 7.65E+19 1.91E+14 4.22E+15 3.32E+18 1.02E+19 0.00E+00 0.00E+00 0.00E+00 0.00E+00 0.00E+00 0.00E+00 0.00E+00 0.00E+00 0.00E+00 0.00E+00 0.00E+00 0.00E+00 0.00E+00 0.00E+00 0.00E+00 0.00E+00 0.00E+00 0.00E+00 0.00E+00
 100.00  2.622  6.79E+24 1.07E+24 1.73E+25 5.50E+21 5.51E+21 1.65E+22 1.66E+22 5.72E+22 1.11E+22 2.00E+21 2.19E+19 9.52E+23 1.22E+21 1.17E+19 8.99E+10 1.03E+14 1.72E+11 1.24E+15 1.59E+12 5.39E+15 3.25E+11 1.99E+16 2.70E+13 2.95E+16 5.92E+14 2.21E+17 1.37E+16 2.29E+18 2.08E+19 3.05E+21 3.81E+14 8.44E+15 6.64E+18 4.85E+20 0.00E+00 0.00E+00 0.00E+00 0.00E+00 0.00E+00 0.00E+00 0.00E+00 0.00E+00 0.00E+00 0.00E+00 0.00E+00 0.00E+00 0.00E+00 0.00E+00 0.00E+00 0.00E+00 0.00E+00 0.00E+00 0.00E+00
 110.00  2.750  1.66E+26 3.09E+25 5.28E+26 1.10E+22 1.10E+22 3.31E+22 3.31E+22 1.14E+23 2.21E+22 3.99E+21 4.37E+19 3.05E+25 1.83E+22 1.03E+20 9.32E+10 2.49E+14 2.05E+11 4.28E+15 2.67E+12 2.43E+16 5.03E+11 1.16E+17 7.78E+13 2.01E+17 2.75E+15 2.17E+18 1.05E+17 3.39E+19 4.32E+20 1.21E+23 7.59E+14 1.69E+16 1.33E+19 2.30E+22 0.00E+00 0.00E+00 0.00E+00 0.00E+00 0.00E+00 0.00E+00 0.00E+00 0.00E+00 0.00E+00 0.00E+00 0.00E+00 0.00E+00 0.00E+00 0.00E+00 0.00E+00 0.00E+00 0.00E+00 0.00E+00 0.00E+00
 120.00  2.872  5.23E+27 9.82E+26 1.69E+28 2.20E+22 2.20E+22 6.61E+22 6.63E+22 2.29E+23 4.43E+22 7.98E+21 8.73E+19 9.75E+26 2.76E+23 9.08E+20 9.67E+10 5.99E+14 2.44E+11 1.48E+16 4.49E+12 1.10E+17 7.81E+11 6.76E+17 2.24E+14 1.36E+18 1.28E+16 2.14E+19 8.11E+17 5.03E+20 8.96E+21 4.83E+24 1.51E+15 3.37E+16 2.65E+19 1.09E+24 0.00E+00 0.00E+00 0.00E+00 0.00E+00 0.00E+00 0.00E+00 0.00E+00 0.00E+00 0.00E+00 0.00E+00 0.00E+00 0.00E+00 0.00E+00 0.00E+00 0.00E+00 0.00E+00 0.00E+00 0.00E+00 0.00E+00
 130.00  2.990  1.68E+29 3.15E+28 5.44E+29 4.40E+22 4.40E+22 1.32E+23 1.32E+23 4.57E+23 8.86E+22 1.60E+22 1.74E+20 3.12E+28 4.14E+24 8.01E+21 1.00E+11 1.44E+15 2.91E+11 5.08E+16 7.56E+12 4.96E+17 1.21E+12 3.94E+18 6.43E+14 9.25E+18 5.94E+16 2.10E+20 6.24E+18 7.45E+21 1.86E+23 1.92E+26 3.01E+15 6.73E+16 5.31E+19 5.20E+25 0.00E+00 0.00E+00 0.00E+00 0.00E+00 0.00E+00 0.00E+00 0.00E+00 0.00E+00 0.00E+00 0.00E+00 0.00E+00 0.00E+00 0.00E+00 0.00E+00 0.00E+00 0.00E+00 0.00E+00 0.00E+00 0.00E+00
 140.00  3.102  5.38E+30 1.01E+30 1.76E+31 8.80E+22 8.81E+22 2.64E+23 2.65E+23 9.15E+23 1.77E+23 3.19E+22 3.48E+20 1.00E+30 6.22E+25 7.06E+22 1.04E+11 3.47E+15 3.47E+11 1.75E+17 1.27E+13 2.24E+18 1.88E+12 2.30E+19 1.85E+15 6.28E+19 2.76E+17 2.07E+21 4.80E+19 1.10E+23 3.85E+24 7.65E+27 5.99E+15 1.34E+17 1.06E+20 2.47E+27 0.00E+00 0.00E+00 0.00E+00 0.00E+00 0.00E+00 0.00E+00 0.00E+00 0.00E+00 0.00E+00 0.00E+00 0.00E+00 0.00E+00 0.00E+00 0.00E+00 0.00E+00 0.00E+00 0.00E+00 0.00E+00 0.00E+00
 150.00  3.211  1.73E+32 3.24E+31 5.68E+32 1.76E+23 1.76E+23 5.29E+23 5.30E+23 1.83E+24 3.54E+23 6.38E+22 6.95E+20 3.20E+31 9.35E+26 6.23E+23 1.08E+11 8.34E+15 4.14E+11 6.03E+17 2.14E+13 1.01E+19 2.91E+12 1.34E+20 5.32E+15 4.27E+20 1.28E+18 2.04E+22 3.70E+20 1.64E+24 7.99E+25 3.05E+29 1.19E+16 2.69E+17 2.12E+20 1.17E+29 0.00E+00 0.00E+00 0.00E+00 0.00E+00 0.00E+00 0.00E+00 0.00E+00 0.00E+00 0.00E+00 0.00E+00 0.00E+00 0.00E+00 0.00E+00 0.00E+00 0.00E+00 0.00E+00 0.00E+00 0.00E+00 0.00E+00
 160.00  3.317  5.55E+33 1.04E+33 1.84E+34 3.52E+23 3.52E+23 1.06E+24 1.06E+24 3.66E+24 7.08E+23 1.28E+23 1.39E+21 1.03E+33 1.40E+28 5.49E+24 1.12E+11 2.01E+16 4.93E+11 2.08E+18 3.61E+13 4.57E+19 4.51E+12 7.81E+20 1.53E+16 2.90E+21 5.96E+18 2.00E+23 2.85E+21 2.43E+25 1.66E+27 1.21E+31 2.38E+16 5.37E+17 4.25E+20 5.57E+30 0.00E+00 0.00E+00 0.00E+00 0.00E+00 0.00E+00 0.00E+00 0.00E+00 0.00E+00 0.00E+00 0.00E+00 0.00E+00 0.00E+00 0.00E+00 0.00E+00 0.00E+00 0.00E+00 0.00E+00 0.00E+00 0.00E+00
 170.00  3.419  1.79E+35 3.36E+34 6.00E+35 7.04E+23 7.04E+23 2.11E+24 2.12E+24 7.32E+24 1.42E+24 2.55E+23 2.77E+21 3.28E+34 2.11E+29 4.85E+25 1.16E+11 4.83E+16 5.88E+11 7.16E+18 6.07E+13 2.06E+20 6.99E+12 4.55E+21 4.40E+16 1.97E+22 2.77E+19 1.97E+24 2.19E+22 3.60E+26 3.43E+28 4.83E+32 4.73E+16 1.07E+18 8.49E+20 2.64E+32 0.00E+00 0.00E+00 0.00E+00 0.00E+00 0.00E+00 0.00E+00 0.00E+00 0.00E+00 0.00E+00 0.00E+00 0.00E+00 0.00E+00 0.00E+00 0.00E+00 0.00E+00 0.00E+00 0.00E+00 0.00E+00 0.00E+00
 180.00  3.518  5.76E+36 1.08E+36 1.96E+37 1.41E+24 1.41E+24 4.23E+24 4.24E+24 1.46E+25 2.83E+24 5.10E+23 5.53E+21 1.05E+36 3.17E+30 4.27E+26 1.21E+11 1.16E+17 7.01E+11 2.46E+19 1.02E+14 9.31E+20 1.08E+13 2.65E+22 1.26E+17 1.34E+23 1.29E+20 1.94E+25 1.69E+23 5.33E+27 7.12E+29 1.92E+34 9.42E+16 2.14E+18 1.70E+21 1.26E+34 0.00E+00 0.00E+00 0.00E+00 0.00E+00 0.00E+00 0.00E+00 0.00E+00 0.00E+00 0.00E+00 0.00E+00 0.00E+00 0.00E+00 0.00E+00 0.00E+00 0.00E+00 0.00E+00 0.00E+00 0.00E+00 0.00E+00
 190.00  3.614  1.86E+38 3.50E+37 6.49E+38 2.81E+24 2.82E+24 8.46E+24 8.47E+24 2.93E+25 5.66E+24 1.02E+24 1.10E+22 3.36E+37 4.76E+31 3.77E+27 1.25E+11 2.80E+17 8.35E+11 8.49E+19 1.72E+14 4.20E+21 1.68E+13 1.55E+23 3.63E+17 9.07E+23 5.98E+20 1.91E+26 1.30E+24 7.90E+28 1.48E+31 7.65E+35 1.88E+17 4.28E+18 3.40E+21 5.96E+35 0.00E+00 0.00E+00 0.00E+00 0.00E+00 0.00E+00 0.00E+00 0.00E+00 0.00E+00 0.00E+00 0.00E+00 0.00E+00 0.00E+00 0.00E+00 0.00E+00 0.00E+00 0.00E+00 0.00E+00 0.00E+00 0.00E+00
 200.00  3.708  6.04E+39 1.14E+39 2.17E+40 5.63E+24 5.63E+24 1.69E+25 1.69E+25 5.85E+25 1.13E+25 2.04E+24 2.21E+22 1.08E+39 7.15E+32 3.32E+28 1.30E+11 6.73E+17 9.96E+11 2.92E+20 2.90E+14 1.90E+22 2.61E+13 9.01E+23 1.04E+18 6.16E+24 2.78E+21 1.88E+27 9.98E+24 1.17E+30 3.06E+32 3.05E+37 3.74E+17 8.55E+18 6.79E+21 2.83E+37 0.00E+00 0.00E+00 0.00E+00 0.00E+00 0.00E+00 0.00E+00 0.00E+00 0.00E+00 0.00E+00 0.00E+00 0.00E+00 0.00E+00 0.00E+00 0.00E+00 0.00E+00 0.00E+00 0.00E+00 0.00E+00 0.00E+00
 
                    *********************************************************************************
                    *  Z= 65 A=160: Negative-parity Spin-dependent Level Density [MeV-1] for TB160  *
                    *********************************************************************************
 U[MeV]  T[MeV]  NCUMUL   RHOOBS   RHOTOT     J=00     J=01     J=02     J=03     J=04     J=05     J=06     J=07     J=08     J=09     J=10     J=11     J=12     J=13     J=14     J=15     J=16     J=17     J=18     J=19     J=20     J=21     J=22     J=23     J=24     J=25     J=26     J=27     J=28     J=29     J=30     J=31     J=32     J=33     J=34     J=35     J=36     J=37     J=38     J=39     J=40     J=41     J=42     J=43     J=44     J=45     J=46     J=47     J=48     J=49
   0.25  0.131  9.00E+00 6.95E+01 5.71E+02 6.10E-01 1.08E+01 6.27E+00 1.68E+01 1.06E+01 1.53E+01 6.07E+00 3.03E+00 0.00E+00 0.00E+00 0.00E+00 0.00E+00 0.00E+00 0.00E+00 0.00E+00 0.00E+00 0.00E+00 0.00E+00 0.00E+00 0.00E+00 0.00E+00 0.00E+00 0.00E+00 0.00E+00 0.00E+00 0.00E+00 0.00E+00 0.00E+00 0.00E+00 0.00E+00 0.00E+00 0.00E+00 0.00E+00 0.00E+00 0.00E+00 0.00E+00 0.00E+00 0.00E+00 0.00E+00 0.00E+00 0.00E+00 0.00E+00 0.00E+00 0.00E+00 0.00E+00 0.00E+00 0.00E+00 0.00E+00 0.00E+00 0.00E+00
   0.50  0.185  3.50E+01 1.36E+02 1.27E+03 7.60E-01 1.87E+01 1.25E+01 2.60E+01 1.53E+01 2.46E+01 1.53E+01 1.53E+01 6.07E+00 1.52E+00 0.00E+00 0.00E+00 0.00E+00 0.00E+00 0.00E+00 0.00E+00 0.00E+00 0.00E+00 0.00E+00 0.00E+00 0.00E+00 0.00E+00 0.00E+00 0.00E+00 0.00E+00 0.00E+00 0.00E+00 0.00E+00 0.00E+00 0.00E+00 0.00E+00 0.00E+00 0.00E+00 0.00E+00 0.00E+00 0.00E+00 0.00E+00 0.00E+00 0.00E+00 0.00E+00 0.00E+00 0.00E+00 0.00E+00 0.00E+00 0.00E+00 0.00E+00 0.00E+00 0.00E+00 0.00E+00 0.00E+00
   0.75  0.227  7.50E+01 1.84E+02 2.23E+03 3.00E-01 1.26E+01 1.09E+01 1.84E+01 1.84E+01 2.44E+01 2.46E+01 3.35E+01 1.97E+01 1.67E+01 4.55E+00 0.00E+00 0.00E+00 0.00E+00 0.00E+00 0.00E+00 0.00E+00 0.00E+00 0.00E+00 0.00E+00 0.00E+00 0.00E+00 0.00E+00 0.00E+00 0.00E+00 0.00E+00 0.00E+00 0.00E+00 0.00E+00 0.00E+00 0.00E+00 0.00E+00 0.00E+00 0.00E+00 0.00E+00 0.00E+00 0.00E+00 0.00E+00 0.00E+00 0.00E+00 0.00E+00 0.00E+00 0.00E+00 0.00E+00 0.00E+00 0.00E+00 0.00E+00 0.00E+00 0.00E+00 0.00E+00
   1.00  0.262  1.30E+02 2.57E+02 3.02E+03 1.50E-01 1.70E+01 2.50E+01 3.69E+01 2.75E+01 3.03E+01 2.62E+01 2.73E+01 2.44E+01 2.88E+01 9.10E+00 4.55E+00 0.00E+00 0.00E+00 0.00E+00 0.00E+00 0.00E+00 0.00E+00 0.00E+00 0.00E+00 0.00E+00 0.00E+00 0.00E+00 0.00E+00 0.00E+00 0.00E+00 0.00E+00 0.00E+00 0.00E+00 0.00E+00 0.00E+00 0.00E+00 0.00E+00 0.00E+00 0.00E+00 0.00E+00 0.00E+00 0.00E+00 0.00E+00 0.00E+00 0.00E+00 0.00E+00 0.00E+00 0.00E+00 0.00E+00 0.00E+00 0.00E+00 0.00E+00 0.00E+00 0.00E+00
   1.25  0.293  2.11E+02 3.91E+02 5.04E+03 4.50E-01 2.31E+01 2.81E+01 4.64E+01 4.14E+01 4.70E+01 4.29E+01 4.10E+01 2.91E+01 3.05E+01 2.43E+01 2.73E+01 7.58E+00 1.52E+00 0.00E+00 0.00E+00 0.00E+00 0.00E+00 0.00E+00 0.00E+00 0.00E+00 0.00E+00 0.00E+00 0.00E+00 0.00E+00 0.00E+00 0.00E+00 0.00E+00 0.00E+00 0.00E+00 0.00E+00 0.00E+00 0.00E+00 0.00E+00 0.00E+00 0.00E+00 0.00E+00 0.00E+00 0.00E+00 0.00E+00 0.00E+00 0.00E+00 0.00E+00 0.00E+00 0.00E+00 0.00E+00 0.00E+00 0.00E+00 0.00E+00 0.00E+00
   1.50  0.321  3.35E+02 5.99E+02 7.68E+03 1.95E+00 5.67E+01 4.05E+01 6.76E+01 5.83E+01 7.20E+01 5.83E+01 5.78E+01 4.42E+01 4.29E+01 2.73E+01 3.49E+01 1.97E+01 1.52E+01 1.52E+00 0.00E+00 0.00E+00 0.00E+00 0.00E+00 0.00E+00 0.00E+00 0.00E+00 0.00E+00 0.00E+00 0.00E+00 0.00E+00 0.00E+00 0.00E+00 0.00E+00 0.00E+00 0.00E+00 0.00E+00 0.00E+00 0.00E+00 0.00E+00 0.00E+00 0.00E+00 0.00E+00 0.00E+00 0.00E+00 0.00E+00 0.00E+00 0.00E+00 0.00E+00 0.00E+00 0.00E+00 0.00E+00 0.00E+00 0.00E+00 0.00E+00
   1.75  0.347  5.56E+02 1.17E+03 1.40E+04 2.75E+00 1.20E+02 8.18E+01 1.67E+02 1.19E+02 1.75E+02 1.19E+02 1.06E+02 7.16E+01 6.40E+01 4.25E+01 3.79E+01 2.90E+01 2.88E+01 7.58E+00 1.52E+00 0.00E+00 0.00E+00 0.00E+00 0.00E+00 0.00E+00 0.00E+00 0.00E+00 0.00E+00 0.00E+00 0.00E+00 0.00E+00 0.00E+00 0.00E+00 0.00E+00 0.00E+00 0.00E+00 0.00E+00 0.00E+00 0.00E+00 0.00E+00 0.00E+00 0.00E+00 0.00E+00 0.00E+00 0.00E+00 0.00E+00 0.00E+00 0.00E+00 0.00E+00 0.00E+00 0.00E+00 0.00E+00 0.00E+00 0.00E+00
   2.00  0.371  9.41E+02 1.91E+03 2.27E+04 2.60E+00 1.92E+02 1.42E+02 2.76E+02 2.23E+02 2.67E+02 1.68E+02 2.01E+02 1.19E+02 9.14E+01 5.77E+01 5.63E+01 3.50E+01 3.94E+01 2.12E+01 1.52E+01 0.00E+00 0.00E+00 0.00E+00 0.00E+00 0.00E+00 0.00E+00 0.00E+00 0.00E+00 0.00E+00 0.00E+00 0.00E+00 0.00E+00 0.00E+00 0.00E+00 0.00E+00 0.00E+00 0.00E+00 0.00E+00 0.00E+00 0.00E+00 0.00E+00 0.00E+00 0.00E+00 0.00E+00 0.00E+00 0.00E+00 0.00E+00 0.00E+00 0.00E+00 0.00E+00 0.00E+00 0.00E+00 0.00E+00 0.00E+00
   2.25  0.393  1.66E+03 3.85E+03 4.56E+04 2.45E+00 3.33E+02 2.92E+02 5.64E+02 4.69E+02 5.23E+02 3.86E+02 4.21E+02 2.66E+02 2.26E+02 1.08E+02 8.98E+01 5.94E+01 4.56E+01 2.88E+01 2.88E+01 7.58E+00 0.00E+00 0.00E+00 0.00E+00 0.00E+00 0.00E+00 0.00E+00 0.00E+00 0.00E+00 0.00E+00 0.00E+00 0.00E+00 0.00E+00 0.00E+00 0.00E+00 0.00E+00 0.00E+00 0.00E+00 0.00E+00 0.00E+00 0.00E+00 0.00E+00 0.00E+00 0.00E+00 0.00E+00 0.00E+00 0.00E+00 0.00E+00 0.00E+00 0.00E+00 0.00E+00 0.00E+00 0.00E+00 0.00E+00
   2.50  0.415  2.93E+03 6.29E+03 7.46E+04 4.05E+00 5.08E+02 4.70E+02 9.20E+02 7.62E+02 9.02E+02 6.63E+02 6.46E+02 4.42E+02 3.83E+02 2.00E+02 1.53E+02 8.05E+01 6.23E+01 3.34E+01 3.94E+01 1.97E+01 4.55E+00 0.00E+00 0.00E+00 0.00E+00 0.00E+00 0.00E+00 0.00E+00 0.00E+00 0.00E+00 0.00E+00 0.00E+00 0.00E+00 0.00E+00 0.00E+00 0.00E+00 0.00E+00 0.00E+00 0.00E+00 0.00E+00 0.00E+00 0.00E+00 0.00E+00 0.00E+00 0.00E+00 0.00E+00 0.00E+00 0.00E+00 0.00E+00 0.00E+00 0.00E+00 0.00E+00 0.00E+00 0.00E+00
   2.75  0.435  5.22E+03 1.21E+04 1.50E+05 4.80E+00 8.61E+02 8.18E+02 1.57E+03 1.32E+03 1.71E+03 1.33E+03 1.39E+03 9.42E+02 8.09E+02 4.85E+02 3.67E+02 1.83E+02 1.05E+02 7.02E+01 4.72E+01 3.18E+01 2.73E+01 4.55E+00 0.00E+00 0.00E+00 0.00E+00 0.00E+00 0.00E+00 0.00E+00 0.00E+00 0.00E+00 0.00E+00 0.00E+00 0.00E+00 0.00E+00 0.00E+00 0.00E+00 0.00E+00 0.00E+00 0.00E+00 0.00E+00 0.00E+00 0.00E+00 0.00E+00 0.00E+00 0.00E+00 0.00E+00 0.00E+00 0.00E+00 0.00E+00 0.00E+00 0.00E+00 0.00E+00 0.00E+00
   3.00  0.454  9.00E+03 1.81E+04 2.30E+05 3.60E+00 1.21E+03 1.17E+03 2.21E+03 1.95E+03 2.43E+03 1.96E+03 2.13E+03 1.49E+03 1.36E+03 7.78E+02 6.22E+02 3.05E+02 2.13E+02 1.01E+02 6.54E+01 3.49E+01 3.49E+01 1.21E+01 1.52E+00 0.00E+00 0.00E+00 0.00E+00 0.00E+00 0.00E+00 0.00E+00 0.00E+00 0.00E+00 0.00E+00 0.00E+00 0.00E+00 0.00E+00 0.00E+00 0.00E+00 0.00E+00 0.00E+00 0.00E+00 0.00E+00 0.00E+00 0.00E+00 0.00E+00 0.00E+00 0.00E+00 0.00E+00 0.00E+00 0.00E+00 0.00E+00 0.00E+00 0.00E+00 0.00E+00
   3.25  0.473  1.53E+04 3.24E+04 4.24E+05 3.74E+00 2.16E+03 2.01E+03 3.71E+03 3.28E+03 4.16E+03 3.39E+03 3.71E+03 2.68E+03 2.60E+03 1.68E+03 1.32E+03 7.26E+02 4.66E+02 2.24E+02 1.19E+02 6.69E+01 4.26E+01 2.43E+01 1.67E+01 1.52E+00 0.00E+00 0.00E+00 0.00E+00 0.00E+00 0.00E+00 0.00E+00 0.00E+00 0.00E+00 0.00E+00 0.00E+00 0.00E+00 0.00E+00 0.00E+00 0.00E+00 0.00E+00 0.00E+00 0.00E+00 0.00E+00 0.00E+00 0.00E+00 0.00E+00 0.00E+00 0.00E+00 0.00E+00 0.00E+00 0.00E+00 0.00E+00 0.00E+00 0.00E+00
   3.50  0.491  2.53E+04 4.76E+04 6.34E+05 5.11E+00 3.04E+03 2.87E+03 5.37E+03 4.83E+03 6.05E+03 4.87E+03 5.29E+03 3.98E+03 3.75E+03 2.54E+03 2.10E+03 1.22E+03 8.21E+02 3.91E+02 2.31E+02 1.08E+02 6.87E+01 2.88E+01 2.88E+01 7.58E+00 0.00E+00 0.00E+00 0.00E+00 0.00E+00 0.00E+00 0.00E+00 0.00E+00 0.00E+00 0.00E+00 0.00E+00 0.00E+00 0.00E+00 0.00E+00 0.00E+00 0.00E+00 0.00E+00 0.00E+00 0.00E+00 0.00E+00 0.00E+00 0.00E+00 0.00E+00 0.00E+00 0.00E+00 0.00E+00 0.00E+00 0.00E+00 0.00E+00 0.00E+00
   3.75  0.508  4.19E+04 8.51E+04 1.15E+06 1.17E+01 5.34E+03 5.12E+03 9.64E+03 8.55E+03 1.05E+04 8.51E+03 9.33E+03 7.08E+03 6.61E+03 4.53E+03 3.88E+03 2.43E+03 1.72E+03 8.85E+02 5.14E+02 2.21E+02 1.24E+02 6.22E+01 3.18E+01 2.12E+01 4.55E+00 0.00E+00 0.00E+00 0.00E+00 0.00E+00 0.00E+00 0.00E+00 0.00E+00 0.00E+00 0.00E+00 0.00E+00 0.00E+00 0.00E+00 0.00E+00 0.00E+00 0.00E+00 0.00E+00 0.00E+00 0.00E+00 0.00E+00 0.00E+00 0.00E+00 0.00E+00 0.00E+00 0.00E+00 0.00E+00 0.00E+00 0.00E+00 0.00E+00
   4.00  0.524  6.83E+04 1.26E+05 1.71E+06 2.24E+01 7.70E+03 7.33E+03 1.40E+04 1.26E+04 1.57E+04 1.26E+04 1.36E+04 1.04E+04 9.84E+03 6.68E+03 5.71E+03 3.72E+03 2.71E+03 1.55E+03 9.07E+02 3.94E+02 2.01E+02 8.06E+01 4.89E+01 2.93E+01 1.67E+01 0.00E+00 0.00E+00 0.00E+00 0.00E+00 0.00E+00 0.00E+00 0.00E+00 0.00E+00 0.00E+00 0.00E+00 0.00E+00 0.00E+00 0.00E+00 0.00E+00 0.00E+00 0.00E+00 0.00E+00 0.00E+00 0.00E+00 0.00E+00 0.00E+00 0.00E+00 0.00E+00 0.00E+00 0.00E+00 0.00E+00 0.00E+00 0.00E+00
   4.25  0.541  1.12E+05 2.22E+05 3.06E+06 3.25E+01 1.34E+04 1.29E+04 2.43E+04 2.15E+04 2.66E+04 2.21E+04 2.42E+04 1.84E+04 1.74E+04 1.21E+04 1.02E+04 6.64E+03 4.97E+03 3.11E+03 1.92E+03 9.19E+02 4.73E+02 1.95E+02 9.64E+01 3.99E+01 3.49E+01 7.58E+00 0.00E+00 0.00E+00 0.00E+00 0.00E+00 0.00E+00 0.00E+00 0.00E+00 0.00E+00 0.00E+00 0.00E+00 0.00E+00 0.00E+00 0.00E+00 0.00E+00 0.00E+00 0.00E+00 0.00E+00 0.00E+00 0.00E+00 0.00E+00 0.00E+00 0.00E+00 0.00E+00 0.00E+00 0.00E+00 0.00E+00 0.00E+00
   4.50  0.556  1.80E+05 3.23E+05 4.50E+06 3.50E+01 1.90E+04 1.84E+04 3.47E+04 3.11E+04 3.93E+04 3.24E+04 3.47E+04 2.66E+04 2.57E+04 1.79E+04 1.53E+04 9.99E+03 7.30E+03 4.70E+03 3.12E+03 1.60E+03 8.36E+02 3.31E+02 1.47E+02 7.51E+01 3.65E+01 1.98E+01 3.18E+00 0.00E+00 0.00E+00 0.00E+00 0.00E+00 0.00E+00 0.00E+00 0.00E+00 0.00E+00 0.00E+00 0.00E+00 0.00E+00 0.00E+00 0.00E+00 0.00E+00 0.00E+00 0.00E+00 0.00E+00 0.00E+00 0.00E+00 0.00E+00 0.00E+00 0.00E+00 0.00E+00 0.00E+00 0.00E+00 0.00E+00
   4.75  0.571  2.91E+05 5.65E+05 7.96E+06 1.67E+01 3.25E+04 3.19E+04 5.95E+04 5.32E+04 6.61E+04 5.60E+04 6.14E+04 4.72E+04 4.46E+04 3.20E+04 2.75E+04 1.82E+04 1.34E+04 8.58E+03 5.87E+03 3.31E+03 1.87E+03 8.08E+02 3.68E+02 1.39E+02 7.19E+01 3.51E+01 2.14E+01 0.00E+00 0.00E+00 0.00E+00 0.00E+00 0.00E+00 0.00E+00 0.00E+00 0.00E+00 0.00E+00 0.00E+00 0.00E+00 0.00E+00 0.00E+00 0.00E+00 0.00E+00 0.00E+00 0.00E+00 0.00E+00 0.00E+00 0.00E+00 0.00E+00 0.00E+00 0.00E+00 0.00E+00 0.00E+00 0.00E+00
   5.00  0.586  4.63E+05 8.12E+05 1.16E+07 2.68E+01 4.53E+04 4.42E+04 8.33E+04 7.52E+04 9.62E+04 8.07E+04 8.71E+04 6.78E+04 6.58E+04 4.66E+04 4.02E+04 2.70E+04 2.01E+04 1.31E+04 8.69E+03 5.11E+03 3.11E+03 1.44E+03 6.79E+02 2.53E+02 1.13E+02 4.59E+01 3.53E+01 4.55E+00 0.00E+00 0.00E+00 0.00E+00 0.00E+00 0.00E+00 0.00E+00 0.00E+00 0.00E+00 0.00E+00 0.00E+00 0.00E+00 0.00E+00 0.00E+00 0.00E+00 0.00E+00 0.00E+00 0.00E+00 0.00E+00 0.00E+00 0.00E+00 0.00E+00 0.00E+00 0.00E+00 0.00E+00 0.00E+00
   5.50  0.615  1.16E+06 1.97E+06 2.88E+07 9.79E+01 1.05E+05 1.03E+05 1.95E+05 1.77E+05 2.27E+05 1.91E+05 2.08E+05 1.65E+05 1.62E+05 1.17E+05 1.03E+05 7.06E+04 5.36E+04 3.57E+04 2.42E+04 1.45E+04 9.16E+03 4.95E+03 2.64E+03 1.05E+03 4.56E+02 1.67E+02 7.06E+01 2.98E+01 1.86E+01 0.00E+00 0.00E+00 0.00E+00 0.00E+00 0.00E+00 0.00E+00 0.00E+00 0.00E+00 0.00E+00 0.00E+00 0.00E+00 0.00E+00 0.00E+00 0.00E+00 0.00E+00 0.00E+00 0.00E+00 0.00E+00 0.00E+00 0.00E+00 0.00E+00 0.00E+00 0.00E+00 0.00E+00
   6.00  0.642  2.83E+06 4.70E+06 6.99E+07 1.68E+02 2.46E+05 2.39E+05 4.53E+05 4.13E+05 5.29E+05 4.48E+05 4.91E+05 3.93E+05 3.87E+05 2.84E+05 2.53E+05 1.78E+05 1.37E+05 9.35E+04 6.52E+04 4.04E+04 2.58E+04 1.42E+04 8.38E+03 4.07E+03 1.94E+03 6.96E+02 2.85E+02 1.14E+02 6.20E+01 1.09E+01 2.45E-01 1.67E+00 0.00E+00 0.00E+00 0.00E+00 0.00E+00 0.00E+00 0.00E+00 0.00E+00 0.00E+00 0.00E+00 0.00E+00 0.00E+00 0.00E+00 0.00E+00 0.00E+00 0.00E+00 0.00E+00 0.00E+00 0.00E+00 0.00E+00 0.00E+00 0.00E+00
   6.50  0.668  6.79E+06 1.11E+07 1.68E+08 3.35E+02 5.62E+05 5.49E+05 1.04E+06 9.54E+05 1.23E+06 1.04E+06 1.16E+06 9.31E+05 9.17E+05 6.79E+05 6.09E+05 4.35E+05 3.37E+05 2.37E+05 1.68E+05 1.08E+05 7.08E+04 4.08E+04 2.43E+04 1.24E+04 7.01E+03 3.06E+03 1.35E+03 4.37E+02 1.69E+02 7.19E+01 3.67E+01 8.33E+00 1.52E+00 0.00E+00 0.00E+00 0.00E+00 0.00E+00 0.00E+00 0.00E+00 0.00E+00 0.00E+00 0.00E+00 0.00E+00 0.00E+00 0.00E+00 0.00E+00 0.00E+00 0.00E+00 0.00E+00 0.00E+00 0.00E+00 0.00E+00 0.00E+00
   7.00  0.694  1.60E+07 2.59E+07 3.97E+08 6.13E+02 1.27E+06 1.25E+06 2.37E+06 2.17E+06 2.80E+06 2.39E+06 2.68E+06 2.16E+06 2.14E+06 1.61E+06 1.45E+06 1.05E+06 8.18E+05 5.84E+05 4.21E+05 2.77E+05 1.87E+05 1.12E+05 6.89E+04 3.64E+04 2.07E+04 1.06E+04 5.31E+03 1.95E+03 7.90E+02 3.32E+02 1.36E+02 4.38E+01 1.68E+01 6.07E+00 0.00E+00 0.00E+00 0.00E+00 0.00E+00 0.00E+00 0.00E+00 0.00E+00 0.00E+00 0.00E+00 0.00E+00 0.00E+00 0.00E+00 0.00E+00 0.00E+00 0.00E+00 0.00E+00 0.00E+00 0.00E+00 0.00E+00
   7.50  0.718  3.74E+07 5.95E+07 9.26E+08 1.49E+03 2.85E+06 2.79E+06 5.31E+06 4.89E+06 6.32E+06 5.42E+06 6.10E+06 4.96E+06 4.94E+06 3.74E+06 3.40E+06 2.48E+06 1.96E+06 1.42E+06 1.03E+06 6.93E+05 4.77E+05 2.93E+05 1.86E+05 1.03E+05 6.11E+04 3.17E+04 1.68E+04 7.52E+03 3.53E+03 1.47E+03 5.83E+02 2.39E+02 1.19E+02 1.97E+01 0.00E+00 0.00E+00 0.00E+00 0.00E+00 0.00E+00 0.00E+00 0.00E+00 0.00E+00 0.00E+00 0.00E+00 0.00E+00 0.00E+00 0.00E+00 0.00E+00 0.00E+00 0.00E+00 0.00E+00 0.00E+00 0.00E+00
   8.00  0.742  8.57E+07 1.34E+08 2.12E+09 3.49E+03 6.15E+06 6.02E+06 1.15E+07 1.07E+07 1.40E+07 1.21E+07 1.36E+07 1.12E+07 1.12E+07 8.55E+06 7.83E+06 5.78E+06 4.61E+06 3.37E+06 2.49E+06 1.70E+06 1.19E+06 7.45E+05 4.83E+05 2.78E+05 1.69E+05 9.23E+04 5.09E+04 2.44E+04 1.25E+04 5.65E+03 2.53E+03 1.07E+03 3.14E+02 5.31E+01 0.00E+00 0.00E+00 0.00E+00 0.00E+00 0.00E+00 0.00E+00 0.00E+00 0.00E+00 0.00E+00 0.00E+00 0.00E+00 0.00E+00 0.00E+00 0.00E+00 0.00E+00 0.00E+00 0.00E+00 0.00E+00 0.00E+00
   8.50  0.764  1.94E+08 3.00E+08 4.81E+09 6.25E+03 1.35E+07 1.32E+07 2.54E+07 2.36E+07 3.10E+07 2.68E+07 3.03E+07 2.48E+07 2.50E+07 1.93E+07 1.78E+07 1.33E+07 1.07E+07 7.89E+06 5.91E+06 4.09E+06 2.90E+06 1.85E+06 1.23E+06 7.19E+05 4.51E+05 2.56E+05 1.47E+05 7.33E+04 3.90E+04 1.99E+04 9.67E+03 2.88E+03 7.90E+02 1.36E+02 0.00E+00 0.00E+00 0.00E+00 0.00E+00 0.00E+00 0.00E+00 0.00E+00 0.00E+00 0.00E+00 0.00E+00 0.00E+00 0.00E+00 0.00E+00 0.00E+00 0.00E+00 0.00E+00 0.00E+00 0.00E+00 0.00E+00
   9.00  0.787  4.36E+08 6.67E+08 1.08E+10 1.28E+04 2.93E+07 2.88E+07 5.52E+07 5.15E+07 6.77E+07 5.87E+07 6.71E+07 5.49E+07 5.56E+07 4.31E+07 3.98E+07 3.01E+07 2.43E+07 1.82E+07 1.38E+07 9.67E+06 6.97E+06 4.52E+06 3.04E+06 1.82E+06 1.17E+06 6.83E+05 4.04E+05 2.11E+05 1.16E+05 6.20E+04 2.45E+04 7.24E+03 2.32E+03 3.87E+02 0.00E+00 0.00E+00 0.00E+00 0.00E+00 0.00E+00 0.00E+00 0.00E+00 0.00E+00 0.00E+00 0.00E+00 0.00E+00 0.00E+00 0.00E+00 0.00E+00 0.00E+00 0.00E+00 0.00E+00 0.00E+00 0.00E+00
   9.50  0.808  9.69E+08 1.47E+09 2.41E+10 2.85E+04 6.31E+07 6.21E+07 1.19E+08 1.11E+08 1.47E+08 1.28E+08 1.46E+08 1.20E+08 1.22E+08 9.56E+07 8.87E+07 6.75E+07 5.46E+07 4.15E+07 3.16E+07 2.25E+07 1.64E+07 1.08E+07 7.38E+06 4.53E+06 2.97E+06 1.77E+06 1.08E+06 5.82E+05 3.32E+05 1.31E+05 5.07E+04 1.68E+04 5.97E+03 1.06E+03 0.00E+00 0.00E+00 0.00E+00 0.00E+00 0.00E+00 0.00E+00 0.00E+00 0.00E+00 0.00E+00 0.00E+00 0.00E+00 0.00E+00 0.00E+00 0.00E+00 0.00E+00 0.00E+00 0.00E+00 0.00E+00 0.00E+00
  10.00  0.829  2.14E+09 3.20E+09 5.30E+10 5.78E+04 1.35E+08 1.33E+08 2.55E+08 2.39E+08 3.15E+08 2.75E+08 3.16E+08 2.61E+08 2.66E+08 2.09E+08 1.95E+08 1.50E+08 1.22E+08 9.34E+07 7.15E+07 5.17E+07 3.81E+07 2.55E+07 1.76E+07 1.10E+07 7.36E+06 4.48E+06 2.79E+06 1.46E+06 6.80E+05 2.62E+05 1.10E+05 3.80E+04 1.55E+04 3.12E+03 0.00E+00 0.00E+00 0.00E+00 0.00E+00 0.00E+00 0.00E+00 0.00E+00 0.00E+00 0.00E+00 0.00E+00 0.00E+00 0.00E+00 0.00E+00 0.00E+00 0.00E+00 0.00E+00 0.00E+00 0.00E+00 0.00E+00
  11.00  0.870  1.11E+10 1.48E+10 2.50E+11 2.37E+05 6.02E+08 5.93E+08 1.14E+09 1.07E+09 1.42E+09 1.25E+09 1.44E+09 1.20E+09 1.23E+09 9.77E+08 9.19E+08 7.14E+08 5.89E+08 4.58E+08 3.56E+08 2.62E+08 1.97E+08 1.35E+08 9.57E+07 6.18E+07 4.25E+07 2.26E+07 1.16E+07 5.43E+06 2.70E+06 1.11E+06 5.09E+05 1.95E+05 9.68E+04 2.09E+04 0.00E+00 0.00E+00 0.00E+00 0.00E+00 0.00E+00 0.00E+00 0.00E+00 0.00E+00 0.00E+00 0.00E+00 0.00E+00 0.00E+00 0.00E+00 0.00E+00 0.00E+00 0.00E+00 0.00E+00 0.00E+00 0.00E+00
  12.00  0.908  5.16E+10 6.61E+10 1.13E+12 9.67E+05 2.62E+09 2.58E+09 4.97E+09 4.68E+09 6.22E+09 5.49E+09 6.35E+09 5.33E+09 5.49E+09 4.41E+09 4.18E+09 3.28E+09 2.74E+09 2.15E+09 1.70E+09 1.27E+09 9.73E+08 6.82E+08 4.45E+08 2.50E+08 1.44E+08 7.47E+07 4.02E+07 1.93E+07 9.80E+06 4.37E+06 2.12E+06 8.84E+05 5.26E+05 1.09E+05 0.00E+00 0.00E+00 0.00E+00 0.00E+00 0.00E+00 0.00E+00 0.00E+00 0.00E+00 0.00E+00 0.00E+00 0.00E+00 0.00E+00 0.00E+00 0.00E+00 0.00E+00 0.00E+00 0.00E+00 0.00E+00 0.00E+00
  13.00  0.945  2.27E+11 2.85E+11 4.82E+12 3.89E+06 1.13E+10 1.12E+10 2.15E+10 2.01E+10 2.66E+10 2.36E+10 2.74E+10 2.32E+10 2.40E+10 1.94E+10 1.85E+10 1.46E+10 1.23E+10 9.82E+09 7.58E+09 5.17E+09 3.34E+09 2.07E+09 1.27E+09 7.46E+08 4.31E+08 2.33E+08 1.28E+08 6.38E+07 3.36E+07 1.59E+07 8.18E+06 3.68E+06 2.68E+06 4.73E+05 0.00E+00 0.00E+00 0.00E+00 0.00E+00 0.00E+00 0.00E+00 0.00E+00 0.00E+00 0.00E+00 0.00E+00 0.00E+00 0.00E+00 0.00E+00 0.00E+00 0.00E+00 0.00E+00 0.00E+00 0.00E+00 0.00E+00
  14.00  0.981  9.24E+11 1.11E+12 1.78E+13 1.52E+07 4.69E+10 4.63E+10 8.88E+10 8.35E+10 1.11E+11 9.85E+10 1.14E+11 9.76E+10 1.01E+11 7.98E+10 7.05E+10 5.07E+10 4.08E+10 2.78E+10 1.93E+10 1.18E+10 8.03E+09 4.82E+09 3.30E+09 1.93E+09 1.16E+09 5.97E+08 3.51E+08 1.82E+08 1.06E+08 4.98E+07 2.88E+07 1.36E+07 1.26E+07 1.71E+06 0.00E+00 0.00E+00 0.00E+00 0.00E+00 0.00E+00 0.00E+00 0.00E+00 0.00E+00 0.00E+00 0.00E+00 0.00E+00 0.00E+00 0.00E+00 0.00E+00 0.00E+00 0.00E+00 0.00E+00 0.00E+00 0.00E+00
  15.00  1.016  2.44E+12 1.92E+12 2.67E+13 3.39E+07 1.09E+11 1.08E+11 2.10E+11 2.00E+11 2.54E+11 2.02E+11 2.12E+11 1.27E+11 1.43E+11 9.14E+10 7.81E+10 5.02E+10 4.53E+10 2.87E+10 2.22E+10 1.25E+10 9.25E+09 5.27E+09 3.98E+09 2.14E+09 1.47E+09 6.86E+08 4.62E+08 2.20E+08 1.52E+08 6.81E+07 4.82E+07 2.45E+07 3.05E+07 2.30E+06 0.00E+00 0.00E+00 0.00E+00 0.00E+00 0.00E+00 0.00E+00 0.00E+00 0.00E+00 0.00E+00 0.00E+00 0.00E+00 0.00E+00 0.00E+00 0.00E+00 0.00E+00 0.00E+00 0.00E+00 0.00E+00 0.00E+00
  16.00  1.049  5.21E+12 3.63E+12 4.41E+13 7.55E+07 2.55E+11 2.52E+11 4.96E+11 4.81E+11 5.82E+11 4.16E+11 3.94E+11 1.66E+11 2.01E+11 1.05E+11 8.66E+10 4.97E+10 5.04E+10 2.96E+10 2.56E+10 1.32E+10 1.06E+10 5.76E+09 4.80E+09 2.38E+09 1.86E+09 7.89E+08 6.09E+08 2.66E+08 2.19E+08 9.30E+07 8.08E+07 4.41E+07 7.38E+07 3.10E+06 0.00E+00 0.00E+00 0.00E+00 0.00E+00 0.00E+00 0.00E+00 0.00E+00 0.00E+00 0.00E+00 0.00E+00 0.00E+00 0.00E+00 0.00E+00 0.00E+00 0.00E+00 0.00E+00 0.00E+00 0.00E+00 0.00E+00
  17.00  1.081  1.07E+13 7.36E+12 8.01E+13 1.68E+08 5.95E+11 5.89E+11 1.17E+12 1.15E+12 1.33E+12 8.54E+11 7.33E+11 2.17E+11 2.82E+11 1.20E+11 9.60E+10 4.92E+10 5.60E+10 3.05E+10 2.94E+10 1.39E+10 1.23E+10 6.30E+09 5.79E+09 2.64E+09 2.35E+09 9.08E+08 8.02E+08 3.22E+08 3.15E+08 1.27E+08 1.35E+08 7.92E+07 1.79E+08 4.17E+06 0.00E+00 0.00E+00 0.00E+00 0.00E+00 0.00E+00 0.00E+00 0.00E+00 0.00E+00 0.00E+00 0.00E+00 0.00E+00 0.00E+00 0.00E+00 0.00E+00 0.00E+00 0.00E+00 0.00E+00 0.00E+00 0.00E+00
  18.00  1.112  2.22E+13 1.56E+13 1.57E+14 3.75E+08 1.39E+12 1.37E+12 2.77E+12 2.76E+12 3.06E+12 1.76E+12 1.36E+12 2.83E+11 3.97E+11 1.37E+11 1.06E+11 4.87E+10 6.22E+10 3.14E+10 3.38E+10 1.47E+10 1.41E+10 6.88E+09 6.98E+09 2.93E+09 2.98E+09 1.04E+09 1.06E+09 3.89E+08 4.54E+08 1.74E+08 2.27E+08 1.43E+08 4.33E+08 5.62E+06 0.00E+00 0.00E+00 0.00E+00 0.00E+00 0.00E+00 0.00E+00 0.00E+00 0.00E+00 0.00E+00 0.00E+00 0.00E+00 0.00E+00 0.00E+00 0.00E+00 0.00E+00 0.00E+00 0.00E+00 0.00E+00 0.00E+00
  19.00  1.143  4.71E+13 3.42E+13 3.24E+14 8.36E+08 3.24E+12 3.21E+12 6.56E+12 6.63E+12 7.01E+12 3.61E+12 2.53E+12 3.69E+11 5.59E+11 1.57E+11 1.18E+11 4.82E+10 6.91E+10 3.24E+10 3.89E+10 1.56E+10 1.62E+10 7.53E+09 8.42E+09 3.26E+09 3.76E+09 1.20E+09 1.39E+09 4.71E+08 6.53E+08 2.38E+08 3.79E+08 2.56E+08 1.05E+09 7.57E+06 0.00E+00 0.00E+00 0.00E+00 0.00E+00 0.00E+00 0.00E+00 0.00E+00 0.00E+00 0.00E+00 0.00E+00 0.00E+00 0.00E+00 0.00E+00 0.00E+00 0.00E+00 0.00E+00 0.00E+00 0.00E+00 0.00E+00
  20.00  1.173  1.02E+14 7.65E+13 6.94E+14 1.86E+09 7.55E+12 7.48E+12 1.55E+13 1.59E+13 1.61E+13 7.41E+12 4.71E+12 4.81E+11 7.87E+11 1.79E+11 1.31E+11 4.77E+10 7.68E+10 3.34E+10 4.47E+10 1.65E+10 1.87E+10 8.23E+09 1.02E+10 3.62E+09 4.76E+09 1.38E+09 1.83E+09 5.69E+08 9.40E+08 3.25E+08 6.35E+08 4.61E+08 2.54E+09 1.02E+07 0.00E+00 0.00E+00 0.00E+00 0.00E+00 0.00E+00 0.00E+00 0.00E+00 0.00E+00 0.00E+00 0.00E+00 0.00E+00 0.00E+00 0.00E+00 0.00E+00 0.00E+00 0.00E+00 0.00E+00 0.00E+00 0.00E+00
  22.50  1.244  9.46E+14 5.98E+14 5.10E+15 1.38E+10 6.28E+13 6.23E+13 1.33E+14 1.42E+14 1.28E+14 4.49E+13 2.22E+13 9.35E+11 1.85E+12 2.51E+11 1.69E+11 4.65E+10 1.00E+11 3.61E+10 6.34E+10 1.90E+10 2.66E+10 1.03E+10 1.62E+10 4.71E+09 8.56E+09 1.96E+09 3.64E+09 9.15E+08 2.34E+09 7.09E+08 2.30E+09 2.00E+09 2.31E+10 2.15E+07 0.00E+00 0.00E+00 0.00E+00 0.00E+00 0.00E+00 0.00E+00 0.00E+00 0.00E+00 0.00E+00 0.00E+00 0.00E+00 0.00E+00 0.00E+00 0.00E+00 0.00E+00 0.00E+00 0.00E+00 0.00E+00 0.00E+00
  25.00  1.311  7.75E+15 4.85E+15 4.00E+16 1.02E+11 5.22E+14 5.18E+14 1.14E+15 1.26E+15 1.02E+15 2.72E+14 1.05E+14 1.82E+12 4.34E+12 3.51E+11 2.19E+11 4.53E+10 1.30E+11 3.90E+10 9.00E+10 2.18E+10 3.78E+10 1.28E+10 2.59E+10 6.13E+09 1.54E+10 2.78E+09 7.23E+09 1.47E+09 5.81E+09 1.55E+09 8.36E+09 8.68E+09 2.11E+11 4.52E+07 0.00E+00 0.00E+00 0.00E+00 0.00E+00 0.00E+00 0.00E+00 0.00E+00 0.00E+00 0.00E+00 0.00E+00 0.00E+00 0.00E+00 0.00E+00 0.00E+00 0.00E+00 0.00E+00 0.00E+00 0.00E+00 0.00E+00
  30.00  1.436  8.53E+17 3.33E+17 2.66E+18 5.63E+12 3.61E+16 3.59E+16 8.45E+16 1.00E+17 6.44E+16 9.95E+15 2.32E+15 6.86E+12 2.39E+13 6.89E+11 3.66E+11 4.30E+10 2.21E+11 4.56E+10 1.81E+11 2.89E+10 7.66E+10 2.00E+10 6.59E+10 1.04E+10 4.98E+10 5.59E+09 2.86E+10 3.80E+09 3.59E+10 7.38E+09 1.10E+11 1.63E+11 1.76E+13 2.00E+08 0.00E+00 0.00E+00 0.00E+00 0.00E+00 0.00E+00 0.00E+00 0.00E+00 0.00E+00 0.00E+00 0.00E+00 0.00E+00 0.00E+00 0.00E+00 0.00E+00 0.00E+00 0.00E+00 0.00E+00 0.00E+00 0.00E+00
  40.00  1.658  8.55E+21 1.71E+21 1.33E+22 1.70E+16 1.72E+20 1.72E+20 4.61E+20 6.31E+20 2.58E+20 1.34E+19 1.14E+18 9.80E+13 7.29E+14 2.65E+12 1.02E+12 3.87E+10 6.35E+11 6.21E+10 7.34E+11 5.06E+10 3.13E+11 4.88E+10 4.28E+11 2.97E+10 5.21E+11 2.26E+10 4.48E+11 2.54E+10 1.37E+12 1.68E+11 1.91E+13 5.79E+13 1.22E+17 3.94E+09 0.00E+00 0.00E+00 0.00E+00 0.00E+00 0.00E+00 0.00E+00 0.00E+00 0.00E+00 0.00E+00 0.00E+00 0.00E+00 0.00E+00 0.00E+00 0.00E+00 0.00E+00 0.00E+00 0.00E+00 0.00E+00 0.00E+00
  50.00  1.854  3.42E+22 3.42E+21 2.66E+22 3.40E+16 3.44E+20 3.45E+20 9.21E+20 1.26E+21 5.16E+20 2.67E+19 2.29E+18 1.40E+15 2.22E+16 1.02E+13 2.87E+12 3.49E+10 1.82E+12 8.46E+10 2.97E+12 8.87E+10 1.28E+12 1.19E+11 2.78E+12 8.50E+10 5.46E+12 9.15E+10 7.00E+12 1.70E+11 5.23E+13 3.81E+12 3.81E+13 1.16E+14 2.43E+17 7.75E+10 0.00E+00 0.00E+00 0.00E+00 0.00E+00 0.00E+00 0.00E+00 0.00E+00 0.00E+00 0.00E+00 0.00E+00 0.00E+00 0.00E+00 0.00E+00 0.00E+00 0.00E+00 0.00E+00 0.00E+00 0.00E+00 0.00E+00
  60.00  2.031  8.54E+22 6.84E+21 5.33E+22 6.79E+16 6.88E+20 6.90E+20 1.84E+21 2.53E+21 1.03E+21 5.34E+19 4.57E+18 1.99E+16 6.74E+17 3.92E+13 8.03E+12 3.15E+10 5.24E+12 1.15E+11 1.20E+13 1.55E+11 5.25E+12 2.89E+11 1.80E+13 2.43E+11 5.71E+13 3.70E+11 1.10E+14 1.13E+12 2.00E+15 8.66E+13 7.59E+13 2.31E+14 4.86E+17 1.52E+12 0.00E+00 0.00E+00 0.00E+00 0.00E+00 0.00E+00 0.00E+00 0.00E+00 0.00E+00 0.00E+00 0.00E+00 0.00E+00 0.00E+00 0.00E+00 0.00E+00 0.00E+00 0.00E+00 0.00E+00 0.00E+00 0.00E+00
  70.00  2.194  1.88E+23 1.37E+22 1.07E+23 1.36E+17 1.38E+21 1.38E+21 3.68E+21 5.05E+21 2.06E+21 1.07E+20 9.13E+18 2.85E+17 2.05E+19 1.51E+14 2.25E+13 2.84E+10 1.51E+13 1.57E+11 4.87E+13 2.72E+11 2.15E+13 7.05E+11 1.17E+14 6.97E+11 5.98E+14 1.50E+12 1.71E+15 7.56E+12 7.63E+16 1.97E+15 1.51E+14 4.62E+14 9.72E+17 3.00E+13 0.00E+00 0.00E+00 0.00E+00 0.00E+00 0.00E+00 0.00E+00 0.00E+00 0.00E+00 0.00E+00 0.00E+00 0.00E+00 0.00E+00 0.00E+00 0.00E+00 0.00E+00 0.00E+00 0.00E+00 0.00E+00 0.00E+00
  80.00  2.345  3.96E+23 2.80E+22 2.25E+23 2.72E+17 2.75E+21 2.76E+21 7.37E+21 1.01E+22 4.12E+21 2.13E+20 1.82E+19 4.06E+18 6.24E+20 5.81E+14 6.29E+13 2.56E+10 4.33E+13 2.14E+11 1.97E+14 4.77E+11 8.79E+13 1.72E+12 7.59E+14 2.00E+12 6.25E+15 6.07E+12 2.68E+16 5.05E+13 2.91E+18 4.47E+16 3.02E+14 9.22E+14 1.94E+18 5.89E+14 0.00E+00 0.00E+00 0.00E+00 0.00E+00 0.00E+00 0.00E+00 0.00E+00 0.00E+00 0.00E+00 0.00E+00 0.00E+00 0.00E+00 0.00E+00 0.00E+00 0.00E+00 0.00E+00 0.00E+00 0.00E+00 0.00E+00
  90.00  2.487  9.05E+23 7.38E+22 7.94E+23 5.43E+17 5.50E+21 5.51E+21 1.47E+22 2.02E+22 8.25E+21 4.27E+20 3.64E+19 5.80E+19 1.90E+22 2.23E+15 1.76E+14 2.31E+10 1.24E+14 2.91E+11 8.00E+14 8.36E+11 3.60E+14 4.18E+12 4.93E+15 5.71E+12 6.54E+16 2.46E+13 4.19E+17 3.37E+14 1.11E+20 1.02E+18 6.02E+14 1.84E+15 3.89E+18 1.16E+16 0.00E+00 0.00E+00 0.00E+00 0.00E+00 0.00E+00 0.00E+00 0.00E+00 0.00E+00 0.00E+00 0.00E+00 0.00E+00 0.00E+00 0.00E+00 0.00E+00 0.00E+00 0.00E+00 0.00E+00 0.00E+00 0.00E+00
 100.00  2.622  4.74E+24 6.92E+23 1.21E+25 1.09E+18 1.10E+22 1.10E+22 2.95E+22 4.04E+22 1.65E+22 8.53E+20 7.28E+19 8.27E+20 5.78E+23 8.59E+15 4.93E+14 2.08E+10 3.58E+14 3.97E+11 3.24E+15 1.47E+12 1.47E+15 1.02E+13 3.20E+16 1.64E+13 6.85E+17 9.94E+13 6.56E+18 2.25E+15 4.25E+21 2.31E+19 1.20E+15 3.68E+15 7.78E+18 2.28E+17 0.00E+00 0.00E+00 0.00E+00 0.00E+00 0.00E+00 0.00E+00 0.00E+00 0.00E+00 0.00E+00 0.00E+00 0.00E+00 0.00E+00 0.00E+00 0.00E+00 0.00E+00 0.00E+00 0.00E+00 0.00E+00 0.00E+00
 110.00  2.750  9.81E+25 1.80E+25 3.44E+26 2.17E+18 2.20E+22 2.21E+22 5.89E+22 8.08E+22 3.30E+22 1.71E+21 1.45E+20 1.18E+22 1.76E+25 3.31E+16 1.38E+15 1.87E+10 1.03E+15 5.41E+11 1.31E+16 2.57E+12 6.03E+15 2.48E+13 2.08E+17 4.68E+13 7.17E+18 4.02E+14 1.03E+20 1.50E+16 1.62E+23 5.25E+20 2.39E+15 7.34E+15 1.56E+19 4.48E+18 0.00E+00 0.00E+00 0.00E+00 0.00E+00 0.00E+00 0.00E+00 0.00E+00 0.00E+00 0.00E+00 0.00E+00 0.00E+00 0.00E+00 0.00E+00 0.00E+00 0.00E+00 0.00E+00 0.00E+00 0.00E+00 0.00E+00
 120.00  2.872  2.90E+27 5.42E+26 1.05E+28 4.34E+18 4.40E+22 4.41E+22 1.18E+23 1.62E+23 6.60E+22 3.41E+21 2.91E+20 1.68E+23 5.35E+26 1.27E+17 3.87E+15 1.69E+10 2.96E+15 7.37E+11 5.31E+16 4.50E+12 2.47E+16 6.03E+13 1.35E+18 1.34E+14 7.50E+19 1.63E+15 1.61E+21 1.01E+17 6.19E+24 1.19E+22 4.78E+15 1.47E+16 3.11E+19 8.81E+19 0.00E+00 0.00E+00 0.00E+00 0.00E+00 0.00E+00 0.00E+00 0.00E+00 0.00E+00 0.00E+00 0.00E+00 0.00E+00 0.00E+00 0.00E+00 0.00E+00 0.00E+00 0.00E+00 0.00E+00 0.00E+00 0.00E+00
 130.00  2.990  8.82E+28 1.65E+28 3.21E+29 8.69E+18 8.80E+22 8.82E+22 2.36E+23 3.23E+23 1.32E+23 6.82E+21 5.81E+20 2.40E+24 1.63E+28 4.89E+17 1.08E+16 1.52E+10 8.50E+15 1.00E+12 2.15E+17 7.88E+12 1.01E+17 1.47E+14 8.75E+18 3.84E+14 7.85E+20 6.59E+15 2.51E+22 6.71E+17 2.36E+26 2.71E+23 9.52E+15 2.93E+16 6.22E+19 1.73E+21 0.00E+00 0.00E+00 0.00E+00 0.00E+00 0.00E+00 0.00E+00 0.00E+00 0.00E+00 0.00E+00 0.00E+00 0.00E+00 0.00E+00 0.00E+00 0.00E+00 0.00E+00 0.00E+00 0.00E+00 0.00E+00 0.00E+00
 140.00  3.102  2.69E+30 5.04E+29 9.87E+30 1.74E+19 1.76E+23 1.76E+23 4.71E+23 6.46E+23 2.64E+23 1.36E+22 1.16E+21 3.43E+25 4.95E+29 1.88E+18 3.03E+16 1.37E+10 2.44E+16 1.37E+12 8.72E+17 1.38E+13 4.14E+17 3.58E+14 5.68E+19 1.10E+15 8.22E+21 2.67E+16 3.93E+23 4.48E+18 9.02E+27 6.17E+24 1.90E+16 5.85E+16 1.24E+20 3.41E+22 0.00E+00 0.00E+00 0.00E+00 0.00E+00 0.00E+00 0.00E+00 0.00E+00 0.00E+00 0.00E+00 0.00E+00 0.00E+00 0.00E+00 0.00E+00 0.00E+00 0.00E+00 0.00E+00 0.00E+00 0.00E+00 0.00E+00
 150.00  3.211  8.23E+31 1.54E+31 3.04E+32 3.47E+19 3.52E+23 3.53E+23 9.42E+23 1.29E+24 5.28E+23 2.72E+22 2.32E+21 4.90E+26 1.51E+31 7.24E+18 8.48E+16 1.24E+10 7.02E+16 1.86E+12 3.53E+18 2.42E+13 1.69E+18 8.72E+14 3.69E+20 3.15E+15 8.60E+22 1.08E+17 6.15E+24 2.99E+19 3.45E+29 1.40E+26 3.79E+16 1.17E+17 2.49E+20 6.70E+23 0.00E+00 0.00E+00 0.00E+00 0.00E+00 0.00E+00 0.00E+00 0.00E+00 0.00E+00 0.00E+00 0.00E+00 0.00E+00 0.00E+00 0.00E+00 0.00E+00 0.00E+00 0.00E+00 0.00E+00 0.00E+00 0.00E+00
 160.00  3.317  2.52E+33 4.72E+32 9.38E+33 6.95E+19 7.04E+23 7.05E+23 1.88E+24 2.58E+24 1.05E+24 5.45E+22 4.63E+21 6.99E+27 4.58E+32 2.78E+19 2.37E+17 1.12E+10 2.02E+17 2.54E+12 1.43E+19 4.24E+13 6.93E+18 2.12E+15 2.39E+21 9.02E+15 9.00E+23 4.37E+17 9.61E+25 2.00E+20 1.32E+31 3.19E+27 7.55E+16 2.33E+17 4.98E+20 1.32E+25 0.00E+00 0.00E+00 0.00E+00 0.00E+00 0.00E+00 0.00E+00 0.00E+00 0.00E+00 0.00E+00 0.00E+00 0.00E+00 0.00E+00 0.00E+00 0.00E+00 0.00E+00 0.00E+00 0.00E+00 0.00E+00 0.00E+00
 170.00  3.419  7.71E+34 1.45E+34 2.91E+35 1.39E+20 1.41E+24 1.41E+24 3.77E+24 5.17E+24 2.11E+24 1.09E+23 9.25E+21 9.97E+28 1.39E+34 1.07E+20 6.65E+17 1.01E+10 5.80E+17 3.46E+12 5.79E+19 7.43E+13 2.84E+19 5.17E+15 1.55E+22 2.58E+16 9.42E+24 1.77E+18 1.50E+27 1.34E+21 5.02E+32 7.24E+28 1.51E+17 4.66E+17 9.95E+20 2.59E+26 0.00E+00 0.00E+00 0.00E+00 0.00E+00 0.00E+00 0.00E+00 0.00E+00 0.00E+00 0.00E+00 0.00E+00 0.00E+00 0.00E+00 0.00E+00 0.00E+00 0.00E+00 0.00E+00 0.00E+00 0.00E+00 0.00E+00
 180.00  3.518  2.37E+36 4.44E+35 9.04E+36 2.78E+20 2.82E+24 2.82E+24 7.54E+24 1.03E+25 4.22E+24 2.18E+23 1.85E+22 1.42E+30 4.24E+35 4.12E+20 1.86E+18 9.06E+09 1.67E+18 4.72E+12 2.35E+20 1.30E+14 1.16E+20 1.26E+16 1.01E+23 7.39E+16 9.85E+25 7.16E+18 2.35E+28 8.92E+21 1.92E+34 1.65E+30 3.00E+17 9.31E+17 1.99E+21 5.10E+27 0.00E+00 0.00E+00 0.00E+00 0.00E+00 0.00E+00 0.00E+00 0.00E+00 0.00E+00 0.00E+00 0.00E+00 0.00E+00 0.00E+00 0.00E+00 0.00E+00 0.00E+00 0.00E+00 0.00E+00 0.00E+00 0.00E+00
 190.00  3.614  7.28E+37 1.36E+37 2.83E+38 5.55E+20 5.63E+24 5.64E+24 1.51E+25 2.07E+25 8.44E+24 4.35E+23 3.69E+22 2.03E+31 1.29E+37 1.58E+21 5.21E+18 8.17E+09 4.79E+18 6.42E+12 9.50E+20 2.28E+14 4.75E+20 3.07E+16 6.55E+23 2.12E+17 1.03E+27 2.90E+19 3.68E+29 5.96E+22 7.32E+35 3.74E+31 5.99E+17 1.86E+18 3.98E+21 1.00E+29 0.00E+00 0.00E+00 0.00E+00 0.00E+00 0.00E+00 0.00E+00 0.00E+00 0.00E+00 0.00E+00 0.00E+00 0.00E+00 0.00E+00 0.00E+00 0.00E+00 0.00E+00 0.00E+00 0.00E+00 0.00E+00 0.00E+00
 200.00  3.708  2.25E+39 4.21E+38 8.89E+39 1.11E+21 1.13E+25 1.13E+25 3.01E+25 4.13E+25 1.69E+25 8.70E+23 7.38E+22 2.90E+32 3.93E+38 6.10E+21 1.46E+19 7.37E+09 1.38E+19 8.75E+12 3.85E+21 4.00E+14 1.94E+21 7.47E+16 4.25E+24 6.06E+17 1.08E+28 1.17E+20 5.76E+30 3.98E+23 2.80E+37 8.50E+32 1.19E+18 3.71E+18 7.96E+21 1.97E+30 0.00E+00 0.00E+00 0.00E+00 0.00E+00 0.00E+00 0.00E+00 0.00E+00 0.00E+00 0.00E+00 0.00E+00 0.00E+00 0.00E+00 0.00E+00 0.00E+00 0.00E+00 0.00E+00 0.00E+00 0.00E+00 0.00E+00
 
