                    *********************************************************************************
                    *  Z= 67 A=166: Positive-Parity Spin-dependent Level Density [MeV-1] for HO166  *
                    *********************************************************************************
 U[MeV]  T[MeV]  NCUMUL   RHOOBS   RHOTOT     J=00     J=01     J=02     J=03     J=04     J=05     J=06     J=07     J=08     J=09     J=10     J=11     J=12     J=13     J=14     J=15     J=16     J=17     J=18     J=19     J=20     J=21     J=22     J=23     J=24     J=25     J=26     J=27     J=28     J=29     J=30     J=31     J=32     J=33     J=34     J=35     J=36     J=37     J=38     J=39     J=40     J=41     J=42     J=43     J=44     J=45     J=46     J=47     J=48     J=49
   0.25  0.129  7.00E+00 4.98E+01 3.96E+02 6.53E+00 3.20E+00 1.09E+01 4.59E+00 7.66E+00 4.59E+00 7.66E+00 3.20E+00 1.53E+00 0.00E+00 0.00E+00 0.00E+00 0.00E+00 0.00E+00 0.00E+00 0.00E+00 0.00E+00 0.00E+00 0.00E+00 0.00E+00 0.00E+00 0.00E+00 0.00E+00 0.00E+00 0.00E+00 0.00E+00 0.00E+00 0.00E+00 0.00E+00 0.00E+00 0.00E+00 0.00E+00 0.00E+00 0.00E+00 0.00E+00 0.00E+00 0.00E+00 0.00E+00 0.00E+00 0.00E+00 0.00E+00 0.00E+00 0.00E+00 0.00E+00 0.00E+00 0.00E+00 0.00E+00 0.00E+00 0.00E+00 0.00E+00
   0.50  0.182  2.10E+01 6.53E+01 6.65E+02 3.33E+00 3.20E+00 9.32E+00 7.79E+00 9.19E+00 6.13E+00 9.33E+00 6.26E+00 9.19E+00 1.53E+00 0.00E+00 0.00E+00 0.00E+00 0.00E+00 0.00E+00 0.00E+00 0.00E+00 0.00E+00 0.00E+00 0.00E+00 0.00E+00 0.00E+00 0.00E+00 0.00E+00 0.00E+00 0.00E+00 0.00E+00 0.00E+00 0.00E+00 0.00E+00 0.00E+00 0.00E+00 0.00E+00 0.00E+00 0.00E+00 0.00E+00 0.00E+00 0.00E+00 0.00E+00 0.00E+00 0.00E+00 0.00E+00 0.00E+00 0.00E+00 0.00E+00 0.00E+00 0.00E+00 0.00E+00 0.00E+00 0.00E+00
   0.75  0.223  4.60E+01 1.32E+02 1.38E+03 6.40E+00 8.20E+00 1.84E+01 1.72E+01 2.17E+01 9.22E+00 1.56E+01 9.32E+00 1.07E+01 6.13E+00 7.66E+00 1.53E+00 0.00E+00 0.00E+00 0.00E+00 0.00E+00 0.00E+00 0.00E+00 0.00E+00 0.00E+00 0.00E+00 0.00E+00 0.00E+00 0.00E+00 0.00E+00 0.00E+00 0.00E+00 0.00E+00 0.00E+00 0.00E+00 0.00E+00 0.00E+00 0.00E+00 0.00E+00 0.00E+00 0.00E+00 0.00E+00 0.00E+00 0.00E+00 0.00E+00 0.00E+00 0.00E+00 0.00E+00 0.00E+00 0.00E+00 0.00E+00 0.00E+00 0.00E+00 0.00E+00 0.00E+00
   1.00  0.257  8.60E+01 1.92E+02 2.07E+03 9.46E+00 1.14E+01 2.63E+01 2.01E+01 2.33E+01 2.31E+01 2.80E+01 1.38E+01 1.23E+01 9.19E+00 9.19E+00 6.13E+00 0.00E+00 0.00E+00 0.00E+00 0.00E+00 0.00E+00 0.00E+00 0.00E+00 0.00E+00 0.00E+00 0.00E+00 0.00E+00 0.00E+00 0.00E+00 0.00E+00 0.00E+00 0.00E+00 0.00E+00 0.00E+00 0.00E+00 0.00E+00 0.00E+00 0.00E+00 0.00E+00 0.00E+00 0.00E+00 0.00E+00 0.00E+00 0.00E+00 0.00E+00 0.00E+00 0.00E+00 0.00E+00 0.00E+00 0.00E+00 0.00E+00 0.00E+00 0.00E+00 0.00E+00
   1.25  0.288  1.54E+02 3.53E+02 4.02E+03 1.60E+01 1.26E+01 4.19E+01 3.57E+01 5.57E+01 3.39E+01 4.64E+01 2.94E+01 3.68E+01 1.38E+01 1.23E+01 7.66E+00 9.19E+00 1.53E+00 0.00E+00 0.00E+00 0.00E+00 0.00E+00 0.00E+00 0.00E+00 0.00E+00 0.00E+00 0.00E+00 0.00E+00 0.00E+00 0.00E+00 0.00E+00 0.00E+00 0.00E+00 0.00E+00 0.00E+00 0.00E+00 0.00E+00 0.00E+00 0.00E+00 0.00E+00 0.00E+00 0.00E+00 0.00E+00 0.00E+00 0.00E+00 0.00E+00 0.00E+00 0.00E+00 0.00E+00 0.00E+00 0.00E+00 0.00E+00 0.00E+00 0.00E+00
   1.50  0.315  2.62E+02 5.06E+02 5.75E+03 3.56E+01 1.41E+01 6.82E+01 4.68E+01 7.26E+01 4.46E+01 6.46E+01 4.33E+01 3.83E+01 2.91E+01 1.84E+01 9.19E+00 1.07E+01 6.13E+00 4.59E+00 0.00E+00 0.00E+00 0.00E+00 0.00E+00 0.00E+00 0.00E+00 0.00E+00 0.00E+00 0.00E+00 0.00E+00 0.00E+00 0.00E+00 0.00E+00 0.00E+00 0.00E+00 0.00E+00 0.00E+00 0.00E+00 0.00E+00 0.00E+00 0.00E+00 0.00E+00 0.00E+00 0.00E+00 0.00E+00 0.00E+00 0.00E+00 0.00E+00 0.00E+00 0.00E+00 0.00E+00 0.00E+00 0.00E+00 0.00E+00 0.00E+00
   1.75  0.341  4.44E+02 9.49E+02 1.07E+04 7.09E+01 2.82E+01 1.30E+02 8.53E+01 1.48E+02 8.81E+01 1.16E+02 6.47E+01 7.20E+01 4.29E+01 3.52E+01 3.06E+01 1.68E+01 1.07E+01 9.19E+00 1.53E+00 0.00E+00 0.00E+00 0.00E+00 0.00E+00 0.00E+00 0.00E+00 0.00E+00 0.00E+00 0.00E+00 0.00E+00 0.00E+00 0.00E+00 0.00E+00 0.00E+00 0.00E+00 0.00E+00 0.00E+00 0.00E+00 0.00E+00 0.00E+00 0.00E+00 0.00E+00 0.00E+00 0.00E+00 0.00E+00 0.00E+00 0.00E+00 0.00E+00 0.00E+00 0.00E+00 0.00E+00 0.00E+00 0.00E+00 0.00E+00
   2.00  0.364  7.58E+02 1.56E+03 1.76E+04 9.15E+01 6.61E+01 2.08E+02 1.57E+02 2.45E+02 1.40E+02 2.01E+02 1.19E+02 1.12E+02 6.15E+01 5.54E+01 3.52E+01 3.37E+01 1.38E+01 1.53E+01 6.13E+00 4.59E+00 0.00E+00 0.00E+00 0.00E+00 0.00E+00 0.00E+00 0.00E+00 0.00E+00 0.00E+00 0.00E+00 0.00E+00 0.00E+00 0.00E+00 0.00E+00 0.00E+00 0.00E+00 0.00E+00 0.00E+00 0.00E+00 0.00E+00 0.00E+00 0.00E+00 0.00E+00 0.00E+00 0.00E+00 0.00E+00 0.00E+00 0.00E+00 0.00E+00 0.00E+00 0.00E+00 0.00E+00 0.00E+00 0.00E+00
   2.25  0.386  1.36E+03 3.22E+03 3.72E+04 1.33E+02 1.23E+02 3.67E+02 3.54E+02 4.96E+02 3.64E+02 4.05E+02 2.53E+02 2.68E+02 1.50E+02 1.26E+02 6.14E+01 5.52E+01 3.08E+01 1.68E+01 1.07E+01 9.19E+00 1.53E+00 0.00E+00 0.00E+00 0.00E+00 0.00E+00 0.00E+00 0.00E+00 0.00E+00 0.00E+00 0.00E+00 0.00E+00 0.00E+00 0.00E+00 0.00E+00 0.00E+00 0.00E+00 0.00E+00 0.00E+00 0.00E+00 0.00E+00 0.00E+00 0.00E+00 0.00E+00 0.00E+00 0.00E+00 0.00E+00 0.00E+00 0.00E+00 0.00E+00 0.00E+00 0.00E+00 0.00E+00 0.00E+00
   2.50  0.407  2.42E+03 5.28E+03 6.14E+04 2.19E+02 1.95E+02 5.98E+02 5.60E+02 8.07E+02 5.89E+02 6.16E+02 4.70E+02 4.65E+02 2.47E+02 2.21E+02 1.01E+02 7.99E+01 4.61E+01 3.52E+01 1.38E+01 1.38E+01 6.13E+00 0.00E+00 0.00E+00 0.00E+00 0.00E+00 0.00E+00 0.00E+00 0.00E+00 0.00E+00 0.00E+00 0.00E+00 0.00E+00 0.00E+00 0.00E+00 0.00E+00 0.00E+00 0.00E+00 0.00E+00 0.00E+00 0.00E+00 0.00E+00 0.00E+00 0.00E+00 0.00E+00 0.00E+00 0.00E+00 0.00E+00 0.00E+00 0.00E+00 0.00E+00 0.00E+00 0.00E+00 0.00E+00
   2.75  0.427  4.42E+03 1.07E+04 1.28E+05 4.26E+02 3.72E+02 1.17E+03 1.07E+03 1.50E+03 1.19E+03 1.33E+03 1.03E+03 9.22E+02 5.87E+02 4.88E+02 2.52E+02 1.84E+02 7.56E+01 5.51E+01 3.22E+01 1.68E+01 9.19E+00 9.19E+00 0.00E+00 0.00E+00 0.00E+00 0.00E+00 0.00E+00 0.00E+00 0.00E+00 0.00E+00 0.00E+00 0.00E+00 0.00E+00 0.00E+00 0.00E+00 0.00E+00 0.00E+00 0.00E+00 0.00E+00 0.00E+00 0.00E+00 0.00E+00 0.00E+00 0.00E+00 0.00E+00 0.00E+00 0.00E+00 0.00E+00 0.00E+00 0.00E+00 0.00E+00 0.00E+00 0.00E+00
   3.00  0.446  7.83E+03 1.65E+04 2.02E+05 5.89E+02 5.40E+02 1.65E+03 1.55E+03 2.29E+03 1.81E+03 2.08E+03 1.62E+03 1.50E+03 9.59E+02 7.87E+02 4.69E+02 3.23E+02 1.41E+02 9.06E+01 4.61E+01 3.52E+01 1.23E+01 1.07E+01 3.06E+00 0.00E+00 0.00E+00 0.00E+00 0.00E+00 0.00E+00 0.00E+00 0.00E+00 0.00E+00 0.00E+00 0.00E+00 0.00E+00 0.00E+00 0.00E+00 0.00E+00 0.00E+00 0.00E+00 0.00E+00 0.00E+00 0.00E+00 0.00E+00 0.00E+00 0.00E+00 0.00E+00 0.00E+00 0.00E+00 0.00E+00 0.00E+00 0.00E+00 0.00E+00 0.00E+00
   3.25  0.464  1.37E+04 3.07E+04 3.89E+05 9.85E+02 9.65E+02 2.87E+03 2.80E+03 3.98E+03 3.26E+03 3.76E+03 2.98E+03 2.94E+03 1.98E+03 1.67E+03 1.03E+03 7.08E+02 3.18E+02 2.35E+02 8.32E+01 5.82E+01 2.91E+01 1.53E+01 7.66E+00 4.59E+00 0.00E+00 0.00E+00 0.00E+00 0.00E+00 0.00E+00 0.00E+00 0.00E+00 0.00E+00 0.00E+00 0.00E+00 0.00E+00 0.00E+00 0.00E+00 0.00E+00 0.00E+00 0.00E+00 0.00E+00 0.00E+00 0.00E+00 0.00E+00 0.00E+00 0.00E+00 0.00E+00 0.00E+00 0.00E+00 0.00E+00 0.00E+00 0.00E+00 0.00E+00
   3.50  0.482  2.33E+04 4.63E+04 5.94E+05 1.43E+03 1.42E+03 4.27E+03 4.21E+03 5.96E+03 4.89E+03 5.46E+03 4.42E+03 4.42E+03 3.04E+03 2.62E+03 1.70E+03 1.15E+03 5.88E+02 3.68E+02 1.57E+02 9.04E+01 4.14E+01 2.76E+01 9.19E+00 9.19E+00 0.00E+00 0.00E+00 0.00E+00 0.00E+00 0.00E+00 0.00E+00 0.00E+00 0.00E+00 0.00E+00 0.00E+00 0.00E+00 0.00E+00 0.00E+00 0.00E+00 0.00E+00 0.00E+00 0.00E+00 0.00E+00 0.00E+00 0.00E+00 0.00E+00 0.00E+00 0.00E+00 0.00E+00 0.00E+00 0.00E+00 0.00E+00 0.00E+00 0.00E+00
   3.75  0.498  3.98E+04 8.53E+04 1.12E+06 2.70E+03 2.62E+03 7.81E+03 7.38E+03 1.05E+04 8.60E+03 1.01E+04 8.26E+03 7.96E+03 5.60E+03 4.96E+03 3.44E+03 2.48E+03 1.35E+03 8.38E+02 3.53E+02 2.42E+02 7.98E+01 5.07E+01 1.99E+01 1.68E+01 6.13E+00 0.00E+00 0.00E+00 0.00E+00 0.00E+00 0.00E+00 0.00E+00 0.00E+00 0.00E+00 0.00E+00 0.00E+00 0.00E+00 0.00E+00 0.00E+00 0.00E+00 0.00E+00 0.00E+00 0.00E+00 0.00E+00 0.00E+00 0.00E+00 0.00E+00 0.00E+00 0.00E+00 0.00E+00 0.00E+00 0.00E+00 0.00E+00 0.00E+00
   4.00  0.515  6.63E+04 1.27E+05 1.68E+06 3.92E+03 3.78E+03 1.12E+04 1.05E+04 1.55E+04 1.28E+04 1.48E+04 1.21E+04 1.19E+04 8.49E+03 7.35E+03 5.25E+03 3.94E+03 2.23E+03 1.41E+03 6.50E+02 3.76E+02 1.40E+02 8.28E+01 3.22E+01 1.68E+01 7.66E+00 4.59E+00 0.00E+00 0.00E+00 0.00E+00 0.00E+00 0.00E+00 0.00E+00 0.00E+00 0.00E+00 0.00E+00 0.00E+00 0.00E+00 0.00E+00 0.00E+00 0.00E+00 0.00E+00 0.00E+00 0.00E+00 0.00E+00 0.00E+00 0.00E+00 0.00E+00 0.00E+00 0.00E+00 0.00E+00 0.00E+00 0.00E+00 0.00E+00
   4.25  0.531  1.10E+05 2.26E+05 3.06E+06 6.76E+03 6.57E+03 1.95E+04 1.86E+04 2.66E+04 2.18E+04 2.59E+04 2.14E+04 2.15E+04 1.55E+04 1.37E+04 9.76E+03 7.36E+03 4.47E+03 3.08E+03 1.56E+03 8.70E+02 3.21E+02 1.78E+02 6.00E+01 3.68E+01 1.23E+01 9.19E+00 0.00E+00 0.00E+00 0.00E+00 0.00E+00 0.00E+00 0.00E+00 0.00E+00 0.00E+00 0.00E+00 0.00E+00 0.00E+00 0.00E+00 0.00E+00 0.00E+00 0.00E+00 0.00E+00 0.00E+00 0.00E+00 0.00E+00 0.00E+00 0.00E+00 0.00E+00 0.00E+00 0.00E+00 0.00E+00 0.00E+00 0.00E+00
   4.50  0.546  1.80E+05 3.31E+05 4.53E+06 9.40E+03 9.34E+03 2.77E+04 2.67E+04 3.90E+04 3.27E+04 3.77E+04 3.08E+04 3.12E+04 2.30E+04 2.04E+04 1.46E+04 1.11E+04 6.86E+03 4.89E+03 2.65E+03 1.52E+03 6.04E+02 3.15E+02 9.52E+01 5.67E+01 2.14E+01 1.53E+01 4.59E+00 0.00E+00 0.00E+00 0.00E+00 0.00E+00 0.00E+00 0.00E+00 0.00E+00 0.00E+00 0.00E+00 0.00E+00 0.00E+00 0.00E+00 0.00E+00 0.00E+00 0.00E+00 0.00E+00 0.00E+00 0.00E+00 0.00E+00 0.00E+00 0.00E+00 0.00E+00 0.00E+00 0.00E+00 0.00E+00 0.00E+00
   4.75  0.561  2.94E+05 5.82E+05 8.10E+06 1.64E+04 1.62E+04 4.80E+04 4.62E+04 6.67E+04 5.53E+04 6.53E+04 5.48E+04 5.55E+04 4.02E+04 3.64E+04 2.68E+04 2.04E+04 1.31E+04 9.31E+03 5.44E+03 3.34E+03 1.51E+03 7.30E+02 2.45E+02 1.01E+02 4.16E+01 1.70E+01 7.66E+00 4.59E+00 0.00E+00 0.00E+00 0.00E+00 0.00E+00 0.00E+00 0.00E+00 0.00E+00 0.00E+00 0.00E+00 0.00E+00 0.00E+00 0.00E+00 0.00E+00 0.00E+00 0.00E+00 0.00E+00 0.00E+00 0.00E+00 0.00E+00 0.00E+00 0.00E+00 0.00E+00 0.00E+00 0.00E+00 0.00E+00
   5.00  0.576  4.72E+05 8.43E+05 1.19E+07 2.31E+04 2.30E+04 6.77E+04 6.50E+04 9.56E+04 8.08E+04 9.46E+04 7.88E+04 7.96E+04 5.96E+04 5.32E+04 3.92E+04 3.08E+04 1.97E+04 1.42E+04 8.35E+03 5.47E+03 2.65E+03 1.29E+03 4.47E+02 2.02E+02 6.97E+01 3.69E+01 9.19E+00 9.19E+00 0.00E+00 0.00E+00 0.00E+00 0.00E+00 0.00E+00 0.00E+00 0.00E+00 0.00E+00 0.00E+00 0.00E+00 0.00E+00 0.00E+00 0.00E+00 0.00E+00 0.00E+00 0.00E+00 0.00E+00 0.00E+00 0.00E+00 0.00E+00 0.00E+00 0.00E+00 0.00E+00 0.00E+00 0.00E+00
   5.50  0.604  1.21E+06 2.09E+06 3.01E+07 5.53E+04 5.44E+04 1.62E+05 1.57E+05 2.31E+05 1.96E+05 2.30E+05 1.93E+05 1.97E+05 1.50E+05 1.36E+05 1.01E+05 8.08E+04 5.29E+04 3.97E+04 2.41E+04 1.63E+04 8.73E+03 5.04E+03 2.24E+03 9.11E+02 2.93E+02 1.07E+02 3.52E+01 1.71E+01 6.26E+00 0.00E+00 0.00E+00 0.00E+00 0.00E+00 0.00E+00 0.00E+00 0.00E+00 0.00E+00 0.00E+00 0.00E+00 0.00E+00 0.00E+00 0.00E+00 0.00E+00 0.00E+00 0.00E+00 0.00E+00 0.00E+00 0.00E+00 0.00E+00 0.00E+00 0.00E+00 0.00E+00 0.00E+00
   6.00  0.631  3.01E+06 5.11E+06 7.50E+07 1.31E+05 1.29E+05 3.84E+05 3.70E+05 5.47E+05 4.66E+05 5.51E+05 4.67E+05 4.80E+05 3.68E+05 3.37E+05 2.56E+05 2.07E+05 1.39E+05 1.06E+05 6.62E+04 4.61E+04 2.63E+04 1.58E+04 8.07E+03 3.97E+03 1.50E+03 5.19E+02 1.48E+02 6.05E+01 1.55E+01 1.07E+01 0.00E+00 0.00E+00 0.00E+00 0.00E+00 0.00E+00 0.00E+00 0.00E+00 0.00E+00 0.00E+00 0.00E+00 0.00E+00 0.00E+00 0.00E+00 0.00E+00 0.00E+00 0.00E+00 0.00E+00 0.00E+00 0.00E+00 0.00E+00 0.00E+00 0.00E+00 0.00E+00
   6.50  0.656  7.35E+06 1.23E+07 1.84E+08 3.04E+05 3.01E+05 8.96E+05 8.66E+05 1.29E+06 1.10E+06 1.30E+06 1.12E+06 1.15E+06 8.91E+05 8.21E+05 6.33E+05 5.17E+05 3.52E+05 2.72E+05 1.76E+05 1.25E+05 7.33E+04 4.63E+04 2.52E+04 1.37E+04 6.36E+03 2.56E+03 8.26E+02 2.71E+02 6.15E+01 2.77E+01 9.19E+00 0.00E+00 0.00E+00 0.00E+00 0.00E+00 0.00E+00 0.00E+00 0.00E+00 0.00E+00 0.00E+00 0.00E+00 0.00E+00 0.00E+00 0.00E+00 0.00E+00 0.00E+00 0.00E+00 0.00E+00 0.00E+00 0.00E+00 0.00E+00 0.00E+00 0.00E+00
   7.00  0.681  1.77E+07 2.91E+07 4.42E+08 7.01E+05 6.94E+05 2.06E+06 2.00E+06 2.97E+06 2.56E+06 3.03E+06 2.62E+06 2.71E+06 2.12E+06 1.97E+06 1.54E+06 1.27E+06 8.75E+05 6.87E+05 4.54E+05 3.28E+05 2.00E+05 1.29E+05 7.36E+04 4.19E+04 2.11E+04 1.03E+04 4.27E+03 1.50E+03 3.89E+02 1.10E+02 2.87E+01 1.39E+01 1.53E+00 0.00E+00 0.00E+00 0.00E+00 0.00E+00 0.00E+00 0.00E+00 0.00E+00 0.00E+00 0.00E+00 0.00E+00 0.00E+00 0.00E+00 0.00E+00 0.00E+00 0.00E+00 0.00E+00 0.00E+00 0.00E+00 0.00E+00 0.00E+00
   7.50  0.705  4.19E+07 6.79E+07 1.05E+09 1.59E+06 1.58E+06 4.70E+06 4.56E+06 6.80E+06 5.87E+06 6.98E+06 6.06E+06 6.31E+06 4.97E+06 4.65E+06 3.66E+06 3.04E+06 2.14E+06 1.69E+06 1.14E+06 8.39E+05 5.23E+05 3.47E+05 2.04E+05 1.21E+05 6.50E+04 3.38E+04 1.60E+04 6.90E+03 2.26E+03 7.68E+02 1.95E+02 5.78E+01 1.11E+01 1.53E+00 0.00E+00 0.00E+00 0.00E+00 0.00E+00 0.00E+00 0.00E+00 0.00E+00 0.00E+00 0.00E+00 0.00E+00 0.00E+00 0.00E+00 0.00E+00 0.00E+00 0.00E+00 0.00E+00 0.00E+00 0.00E+00 0.00E+00
   8.00  0.728  9.78E+07 1.55E+08 2.44E+09 3.49E+06 3.46E+06 1.03E+07 1.00E+07 1.52E+07 1.32E+07 1.58E+07 1.38E+07 1.44E+07 1.15E+07 1.08E+07 8.56E+06 7.19E+06 5.12E+06 4.10E+06 2.82E+06 2.09E+06 1.34E+06 9.06E+05 5.50E+05 3.36E+05 1.87E+05 1.03E+05 5.27E+04 2.52E+04 1.03E+04 4.02E+03 1.27E+03 4.14E+02 6.60E+01 1.38E+01 0.00E+00 0.00E+00 0.00E+00 0.00E+00 0.00E+00 0.00E+00 0.00E+00 0.00E+00 0.00E+00 0.00E+00 0.00E+00 0.00E+00 0.00E+00 0.00E+00 0.00E+00 0.00E+00 0.00E+00 0.00E+00 0.00E+00
   8.50  0.751  2.25E+08 3.54E+08 5.64E+09 7.77E+06 7.71E+06 2.30E+07 2.24E+07 3.40E+07 2.97E+07 3.56E+07 3.12E+07 3.25E+07 2.61E+07 2.47E+07 1.98E+07 1.68E+07 1.20E+07 9.74E+06 6.80E+06 5.13E+06 3.34E+06 2.30E+06 1.43E+06 8.99E+05 5.20E+05 2.97E+05 1.59E+05 8.09E+04 3.72E+04 1.74E+04 6.73E+03 1.87E+03 3.49E+02 4.59E+01 0.00E+00 0.00E+00 0.00E+00 0.00E+00 0.00E+00 0.00E+00 0.00E+00 0.00E+00 0.00E+00 0.00E+00 0.00E+00 0.00E+00 0.00E+00 0.00E+00 0.00E+00 0.00E+00 0.00E+00 0.00E+00 0.00E+00
   9.00  0.772  5.13E+08 7.99E+08 1.29E+10 1.72E+07 1.70E+07 5.07E+07 4.95E+07 7.52E+07 6.61E+07 7.93E+07 6.99E+07 7.29E+07 5.90E+07 5.61E+07 4.49E+07 3.85E+07 2.80E+07 2.28E+07 1.62E+07 1.23E+07 8.17E+06 5.72E+06 3.64E+06 2.34E+06 1.39E+06 8.20E+05 4.60E+05 2.46E+05 1.21E+05 6.06E+04 2.23E+04 5.84E+03 1.37E+03 1.59E+02 0.00E+00 0.00E+00 0.00E+00 0.00E+00 0.00E+00 0.00E+00 0.00E+00 0.00E+00 0.00E+00 0.00E+00 0.00E+00 0.00E+00 0.00E+00 0.00E+00 0.00E+00 0.00E+00 0.00E+00 0.00E+00 0.00E+00
   9.50  0.793  1.16E+09 1.78E+09 2.92E+10 3.75E+07 3.73E+07 1.11E+08 1.08E+08 1.65E+08 1.45E+08 1.75E+08 1.55E+08 1.62E+08 1.32E+08 1.26E+08 1.02E+08 8.76E+07 6.42E+07 5.27E+07 3.79E+07 2.91E+07 1.96E+07 1.39E+07 9.03E+06 5.94E+06 3.62E+06 2.19E+06 1.28E+06 7.08E+05 3.66E+05 1.63E+05 5.46E+04 1.80E+04 5.39E+03 7.77E+02 0.00E+00 0.00E+00 0.00E+00 0.00E+00 0.00E+00 0.00E+00 0.00E+00 0.00E+00 0.00E+00 0.00E+00 0.00E+00 0.00E+00 0.00E+00 0.00E+00 0.00E+00 0.00E+00 0.00E+00 0.00E+00 0.00E+00
  10.00  0.814  2.59E+09 3.95E+09 6.53E+10 8.14E+07 8.09E+07 2.41E+08 2.35E+08 3.59E+08 3.17E+08 3.83E+08 3.40E+08 3.57E+08 2.91E+08 2.80E+08 2.27E+08 1.97E+08 1.46E+08 1.21E+08 8.74E+07 6.78E+07 4.63E+07 3.34E+07 2.20E+07 1.47E+07 9.18E+06 5.69E+06 3.42E+06 1.96E+06 8.67E+05 3.63E+05 1.26E+05 4.49E+04 1.71E+04 3.05E+03 0.00E+00 0.00E+00 0.00E+00 0.00E+00 0.00E+00 0.00E+00 0.00E+00 0.00E+00 0.00E+00 0.00E+00 0.00E+00 0.00E+00 0.00E+00 0.00E+00 0.00E+00 0.00E+00 0.00E+00 0.00E+00 0.00E+00
  11.00  0.854  1.40E+10 1.88E+10 3.17E+11 3.74E+08 3.72E+08 1.11E+09 1.08E+09 1.66E+09 1.47E+09 1.78E+09 1.59E+09 1.68E+09 1.39E+09 1.34E+09 1.10E+09 9.65E+08 7.25E+08 6.07E+08 4.49E+08 3.54E+08 2.47E+08 1.83E+08 1.24E+08 8.55E+07 5.54E+07 3.12E+07 1.55E+07 7.48E+06 3.40E+06 1.58E+06 6.18E+05 2.56E+05 1.19E+05 2.73E+04 0.00E+00 0.00E+00 0.00E+00 0.00E+00 0.00E+00 0.00E+00 0.00E+00 0.00E+00 0.00E+00 0.00E+00 0.00E+00 0.00E+00 0.00E+00 0.00E+00 0.00E+00 0.00E+00 0.00E+00 0.00E+00 0.00E+00
  12.00  0.892  6.66E+10 8.64E+10 1.47E+12 1.67E+09 1.66E+09 4.95E+09 4.85E+09 7.44E+09 6.63E+09 8.05E+09 7.23E+09 7.68E+09 6.38E+09 6.22E+09 5.15E+09 4.55E+09 3.47E+09 2.94E+09 2.21E+09 1.77E+09 1.26E+09 9.47E+08 6.09E+08 3.44E+08 2.00E+08 1.04E+08 5.36E+07 2.73E+07 1.27E+07 6.46E+06 2.70E+06 1.24E+06 6.95E+05 1.58E+05 0.00E+00 0.00E+00 0.00E+00 0.00E+00 0.00E+00 0.00E+00 0.00E+00 0.00E+00 0.00E+00 0.00E+00 0.00E+00 0.00E+00 0.00E+00 0.00E+00 0.00E+00 0.00E+00 0.00E+00 0.00E+00 0.00E+00
  13.00  0.928  3.01E+11 3.83E+11 6.46E+12 7.43E+09 7.39E+09 2.21E+10 2.16E+10 3.28E+10 2.92E+10 3.55E+10 3.20E+10 3.44E+10 2.87E+10 2.81E+10 2.34E+10 2.08E+10 1.60E+10 1.37E+10 1.01E+10 7.52E+09 4.61E+09 2.99E+09 1.79E+09 1.03E+09 5.94E+08 3.22E+08 1.72E+08 9.25E+07 4.50E+07 2.42E+07 1.05E+07 5.29E+06 3.70E+06 7.31E+05 0.00E+00 0.00E+00 0.00E+00 0.00E+00 0.00E+00 0.00E+00 0.00E+00 0.00E+00 0.00E+00 0.00E+00 0.00E+00 0.00E+00 0.00E+00 0.00E+00 0.00E+00 0.00E+00 0.00E+00 0.00E+00 0.00E+00
  14.00  0.963  1.25E+12 1.52E+12 2.43E+13 3.15E+10 3.13E+10 9.36E+10 9.19E+10 1.39E+11 1.25E+11 1.52E+11 1.37E+11 1.48E+11 1.24E+11 1.19E+11 9.09E+10 7.50E+10 5.16E+10 4.04E+10 2.42E+10 1.87E+10 1.13E+10 7.66E+09 4.43E+09 2.74E+09 1.57E+09 9.22E+08 4.76E+08 2.76E+08 1.38E+08 7.77E+07 3.63E+07 1.96E+07 1.76E+07 2.58E+06 0.00E+00 0.00E+00 0.00E+00 0.00E+00 0.00E+00 0.00E+00 0.00E+00 0.00E+00 0.00E+00 0.00E+00 0.00E+00 0.00E+00 0.00E+00 0.00E+00 0.00E+00 0.00E+00 0.00E+00 0.00E+00 0.00E+00
  15.00  0.997  3.10E+12 2.17E+12 3.30E+13 3.33E+10 3.31E+10 9.89E+10 9.72E+10 2.22E+11 2.69E+11 3.27E+11 2.51E+11 2.02E+11 1.64E+11 1.43E+11 8.23E+10 7.47E+10 5.10E+10 4.57E+10 2.47E+10 2.15E+10 1.20E+10 9.01E+09 4.84E+09 3.24E+09 1.77E+09 1.16E+09 5.49E+08 3.68E+08 1.86E+08 1.20E+08 5.79E+07 3.47E+07 4.31E+07 3.27E+06 0.00E+00 0.00E+00 0.00E+00 0.00E+00 0.00E+00 0.00E+00 0.00E+00 0.00E+00 0.00E+00 0.00E+00 0.00E+00 0.00E+00 0.00E+00 0.00E+00 0.00E+00 0.00E+00 0.00E+00 0.00E+00 0.00E+00
  16.00  1.030  5.88E+12 3.38E+12 4.89E+13 3.52E+10 3.50E+10 1.05E+11 1.03E+11 3.55E+11 5.79E+11 7.02E+11 4.59E+11 2.75E+11 2.17E+11 1.73E+11 7.44E+10 7.44E+10 5.05E+10 5.16E+10 2.53E+10 2.47E+10 1.28E+10 1.06E+10 5.28E+09 3.84E+09 1.99E+09 1.47E+09 6.34E+08 4.90E+08 2.51E+08 1.85E+08 9.25E+07 6.13E+07 1.05E+08 4.14E+06 0.00E+00 0.00E+00 0.00E+00 0.00E+00 0.00E+00 0.00E+00 0.00E+00 0.00E+00 0.00E+00 0.00E+00 0.00E+00 0.00E+00 0.00E+00 0.00E+00 0.00E+00 0.00E+00 0.00E+00 0.00E+00 0.00E+00
  17.00  1.061  1.04E+13 5.67E+12 7.85E+13 3.71E+10 3.70E+10 1.11E+11 1.09E+11 5.67E+11 1.25E+12 1.51E+12 8.40E+11 3.74E+11 2.86E+11 2.09E+11 6.74E+10 7.41E+10 5.00E+10 5.84E+10 2.59E+10 2.85E+10 1.36E+10 1.25E+10 5.77E+09 4.55E+09 2.25E+09 1.86E+09 7.32E+08 6.52E+08 3.39E+08 2.85E+08 1.48E+08 1.08E+08 2.57E+08 5.24E+06 0.00E+00 0.00E+00 0.00E+00 0.00E+00 0.00E+00 0.00E+00 0.00E+00 0.00E+00 0.00E+00 0.00E+00 0.00E+00 0.00E+00 0.00E+00 0.00E+00 0.00E+00 0.00E+00 0.00E+00 0.00E+00 0.00E+00
  18.00  1.092  1.83E+13 1.02E+13 1.36E+14 3.92E+10 3.92E+10 1.17E+11 1.15E+11 9.04E+11 2.69E+12 3.24E+12 1.54E+12 5.09E+11 3.78E+11 2.52E+11 6.09E+10 7.37E+10 4.95E+10 6.60E+10 2.65E+10 3.27E+10 1.44E+10 1.46E+10 6.30E+09 5.39E+09 2.54E+09 2.35E+09 8.46E+08 8.68E+08 4.58E+08 4.40E+08 2.36E+08 1.92E+08 6.27E+08 6.63E+06 0.00E+00 0.00E+00 0.00E+00 0.00E+00 0.00E+00 0.00E+00 0.00E+00 0.00E+00 0.00E+00 0.00E+00 0.00E+00 0.00E+00 0.00E+00 0.00E+00 0.00E+00 0.00E+00 0.00E+00 0.00E+00 0.00E+00
  19.00  1.122  3.30E+13 1.92E+13 2.50E+14 4.15E+10 4.14E+10 1.23E+11 1.22E+11 1.44E+12 5.81E+12 6.95E+12 2.81E+12 6.92E+11 4.99E+11 3.04E+11 5.51E+10 7.34E+10 4.90E+10 7.47E+10 2.71E+10 3.77E+10 1.53E+10 1.72E+10 6.88E+09 6.38E+09 2.87E+09 2.96E+09 9.76E+08 1.15E+09 6.18E+08 6.79E+08 3.77E+08 3.39E+08 1.53E+09 8.40E+06 0.00E+00 0.00E+00 0.00E+00 0.00E+00 0.00E+00 0.00E+00 0.00E+00 0.00E+00 0.00E+00 0.00E+00 0.00E+00 0.00E+00 0.00E+00 0.00E+00 0.00E+00 0.00E+00 0.00E+00 0.00E+00 0.00E+00
  20.00  1.151  6.14E+13 3.76E+13 4.79E+14 4.38E+10 4.38E+10 1.31E+11 1.29E+11 2.30E+12 1.25E+13 1.49E+13 5.13E+12 9.42E+11 6.59E+11 3.67E+11 4.99E+10 7.31E+10 4.85E+10 8.45E+10 2.77E+10 4.33E+10 1.63E+10 2.02E+10 7.51E+09 7.55E+09 3.23E+09 3.74E+09 1.13E+09 1.54E+09 8.34E+08 1.05E+09 6.02E+08 5.98E+08 3.74E+09 1.06E+07 0.00E+00 0.00E+00 0.00E+00 0.00E+00 0.00E+00 0.00E+00 0.00E+00 0.00E+00 0.00E+00 0.00E+00 0.00E+00 0.00E+00 0.00E+00 0.00E+00 0.00E+00 0.00E+00 0.00E+00 0.00E+00 0.00E+00
  22.50  1.221  3.86E+14 2.22E+14 2.76E+15 5.02E+10 5.03E+10 1.50E+11 1.48E+11 7.41E+12 8.55E+13 1.01E+14 2.32E+13 2.03E+12 1.32E+12 5.88E+11 3.88E+10 7.24E+10 4.73E+10 1.15E+11 2.93E+10 6.15E+10 1.89E+10 3.03E+10 9.35E+09 1.15E+10 4.37E+09 6.71E+09 1.62E+09 3.14E+09 1.76E+09 3.10E+09 1.94E+09 2.48E+09 3.49E+10 1.92E+07 0.00E+00 0.00E+00 0.00E+00 0.00E+00 0.00E+00 0.00E+00 0.00E+00 0.00E+00 0.00E+00 0.00E+00 0.00E+00 0.00E+00 0.00E+00 0.00E+00 0.00E+00 0.00E+00 0.00E+00 0.00E+00 0.00E+00
  25.00  1.287  2.42E+15 1.40E+15 1.73E+16 5.76E+10 5.79E+10 1.72E+11 1.71E+11 2.39E+13 5.84E+14 6.82E+14 1.05E+14 4.40E+12 2.64E+12 9.41E+11 3.02E+10 7.16E+10 4.62E+10 1.56E+11 3.09E+10 8.73E+10 2.20E+10 4.55E+10 1.16E+10 1.76E+10 5.92E+09 1.20E+10 2.31E+09 6.42E+09 3.73E+09 9.16E+09 6.25E+09 1.03E+10 3.25E+11 3.46E+07 0.00E+00 0.00E+00 0.00E+00 0.00E+00 0.00E+00 0.00E+00 0.00E+00 0.00E+00 0.00E+00 0.00E+00 0.00E+00 0.00E+00 0.00E+00 0.00E+00 0.00E+00 0.00E+00 0.00E+00 0.00E+00 0.00E+00
  30.00  1.410  1.58E+17 6.09E+16 7.42E+17 7.59E+10 7.65E+10 2.27E+11 2.27E+11 2.47E+14 2.72E+16 3.12E+16 2.14E+15 2.05E+13 1.06E+13 2.41E+12 1.83E+10 7.01E+10 4.39E+10 2.89E+11 3.46E+10 1.76E+11 2.98E+10 1.02E+11 1.81E+10 4.09E+10 1.08E+10 3.86E+10 4.75E+09 2.68E+10 1.67E+10 8.00E+10 6.49E+10 1.78E+11 2.82E+13 1.13E+08 0.00E+00 0.00E+00 0.00E+00 0.00E+00 0.00E+00 0.00E+00 0.00E+00 0.00E+00 0.00E+00 0.00E+00 0.00E+00 0.00E+00 0.00E+00 0.00E+00 0.00E+00 0.00E+00 0.00E+00 0.00E+00 0.00E+00
  40.00  1.628  6.28E+20 1.25E+20 1.52E+21 1.31E+11 1.34E+11 3.96E+11 3.98E+11 2.65E+16 5.92E+19 6.52E+19 8.96E+17 4.47E+14 1.71E+14 1.58E+13 6.73E+09 6.72E+10 3.97E+10 9.90E+11 4.33E+10 7.13E+11 5.47E+10 5.16E+11 4.35E+10 2.22E+11 3.62E+10 3.98E+11 2.00E+10 4.68E+11 3.34E+11 6.11E+12 7.00E+12 5.29E+13 2.12E+17 1.19E+09 0.00E+00 0.00E+00 0.00E+00 0.00E+00 0.00E+00 0.00E+00 0.00E+00 0.00E+00 0.00E+00 0.00E+00 0.00E+00 0.00E+00 0.00E+00 0.00E+00 0.00E+00 0.00E+00 0.00E+00 0.00E+00 0.00E+00
  50.00  1.820  2.51E+21 2.51E+20 3.05E+21 2.28E+11 2.33E+11 6.90E+11 7.00E+11 5.27E+16 1.18E+20 1.30E+20 1.79E+18 9.73E+15 2.75E+15 1.04E+14 2.47E+09 6.45E+10 3.59E+10 3.39E+12 5.42E+10 2.89E+12 1.00E+11 2.60E+12 1.05E+11 1.20E+12 1.21E+11 4.11E+12 8.43E+10 8.15E+12 6.68E+12 4.66E+14 1.39E+13 1.06E+14 4.25E+17 1.27E+10 0.00E+00 0.00E+00 0.00E+00 0.00E+00 0.00E+00 0.00E+00 0.00E+00 0.00E+00 0.00E+00 0.00E+00 0.00E+00 0.00E+00 0.00E+00 0.00E+00 0.00E+00 0.00E+00 0.00E+00 0.00E+00 0.00E+00
  60.00  1.994  6.27E+21 5.02E+20 6.10E+21 3.94E+11 4.08E+11 1.20E+12 1.23E+12 1.05E+17 2.37E+20 2.60E+20 3.57E+18 2.12E+17 4.43E+16 6.84E+14 9.09E+08 6.18E+10 3.25E+10 1.16E+13 6.78E+10 1.17E+13 1.84E+11 1.31E+13 2.52E+11 6.52E+12 4.06E+11 4.24E+13 3.55E+11 1.42E+14 1.34E+14 3.56E+16 2.78E+13 2.11E+14 8.50E+17 1.34E+11 0.00E+00 0.00E+00 0.00E+00 0.00E+00 0.00E+00 0.00E+00 0.00E+00 0.00E+00 0.00E+00 0.00E+00 0.00E+00 0.00E+00 0.00E+00 0.00E+00 0.00E+00 0.00E+00 0.00E+00 0.00E+00 0.00E+00
  70.00  2.154  1.38E+22 1.01E+21 1.24E+22 6.83E+11 7.12E+11 2.09E+12 2.16E+12 2.09E+17 4.73E+20 5.21E+20 7.14E+18 4.61E+18 7.14E+17 4.50E+15 3.34E+08 5.93E+10 2.94E+10 3.97E+13 8.49E+10 4.76E+13 3.37E+11 6.64E+13 6.07E+11 3.54E+13 1.36E+12 4.38E+14 1.50E+12 2.48E+15 2.67E+15 2.72E+18 5.53E+13 4.21E+14 1.70E+18 1.42E+12 0.00E+00 0.00E+00 0.00E+00 0.00E+00 0.00E+00 0.00E+00 0.00E+00 0.00E+00 0.00E+00 0.00E+00 0.00E+00 0.00E+00 0.00E+00 0.00E+00 0.00E+00 0.00E+00 0.00E+00 0.00E+00 0.00E+00
  80.00  2.302  3.05E+22 2.33E+21 3.73E+22 1.18E+12 1.24E+12 3.65E+12 3.80E+12 4.16E+17 9.46E+20 1.04E+21 1.43E+19 1.00E+20 1.15E+19 2.95E+16 1.23E+08 5.68E+10 2.66E+10 1.36E+14 1.06E+11 1.93E+14 6.18E+11 3.35E+14 1.46E+12 1.92E+14 4.55E+12 4.52E+15 6.31E+12 4.33E+16 5.35E+16 2.08E+20 1.10E+14 8.41E+14 3.40E+18 1.50E+13 0.00E+00 0.00E+00 0.00E+00 0.00E+00 0.00E+00 0.00E+00 0.00E+00 0.00E+00 0.00E+00 0.00E+00 0.00E+00 0.00E+00 0.00E+00 0.00E+00 0.00E+00 0.00E+00 0.00E+00 0.00E+00 0.00E+00
  90.00  2.442  1.53E+23 2.22E+22 9.30E+23 2.05E+12 2.17E+12 6.36E+12 6.68E+12 8.28E+17 1.89E+21 2.08E+21 2.85E+19 2.19E+21 1.85E+20 1.94E+17 4.51E+07 5.45E+10 2.40E+10 4.66E+14 1.33E+11 7.83E+14 1.13E+12 1.69E+15 3.52E+12 1.04E+15 1.52E+13 4.66E+16 2.66E+13 7.55E+17 1.07E+18 1.59E+22 2.19E+14 1.68E+15 6.80E+18 1.59E+14 0.00E+00 0.00E+00 0.00E+00 0.00E+00 0.00E+00 0.00E+00 0.00E+00 0.00E+00 0.00E+00 0.00E+00 0.00E+00 0.00E+00 0.00E+00 0.00E+00 0.00E+00 0.00E+00 0.00E+00 0.00E+00 0.00E+00
 100.00  2.574  6.61E+24 1.27E+24 6.51E+25 3.55E+12 3.80E+12 1.11E+13 1.17E+13 1.65E+18 3.78E+21 4.16E+21 5.69E+19 4.76E+22 2.98E+21 1.28E+18 1.66E+07 5.23E+10 2.17E+10 1.59E+15 1.66E+11 3.18E+15 2.08E+12 8.54E+15 8.46E+12 5.63E+15 5.09E+13 4.81E+17 1.12E+14 1.32E+19 2.14E+19 1.21E+24 4.36E+14 3.35E+15 1.36E+19 1.69E+15 0.00E+00 0.00E+00 0.00E+00 0.00E+00 0.00E+00 0.00E+00 0.00E+00 0.00E+00 0.00E+00 0.00E+00 0.00E+00 0.00E+00 0.00E+00 0.00E+00 0.00E+00 0.00E+00 0.00E+00 0.00E+00 0.00E+00
 110.00  2.700  4.80E+26 9.35E+25 4.92E+27 6.14E+12 6.63E+12 1.93E+13 2.06E+13 3.28E+18 7.56E+21 8.33E+21 1.14E+20 1.04E+24 4.80E+22 8.38E+18 6.09E+06 5.01E+10 1.97E+10 5.46E+15 2.08E+11 1.29E+16 3.81E+12 4.31E+16 2.04E+13 3.05E+16 1.70E+14 4.97E+18 4.72E+14 2.30E+20 4.29E+20 9.24E+25 8.68E+14 6.69E+15 2.72E+19 1.79E+16 0.00E+00 0.00E+00 0.00E+00 0.00E+00 0.00E+00 0.00E+00 0.00E+00 0.00E+00 0.00E+00 0.00E+00 0.00E+00 0.00E+00 0.00E+00 0.00E+00 0.00E+00 0.00E+00 0.00E+00 0.00E+00 0.00E+00
 120.00  2.820  3.63E+28 7.08E+27 3.74E+29 1.06E+13 1.16E+13 3.36E+13 3.62E+13 6.53E+18 1.51E+22 1.66E+22 2.27E+20 2.26E+25 7.73E+23 5.51E+19 2.24E+06 4.81E+10 1.78E+10 1.87E+16 2.60E+11 5.23E+16 6.99E+12 2.18E+17 4.90E+13 1.66E+17 5.71E+14 5.12E+19 1.99E+15 4.00E+21 8.58E+21 7.05E+27 1.73E+15 1.34E+16 5.44E+19 1.90E+17 0.00E+00 0.00E+00 0.00E+00 0.00E+00 0.00E+00 0.00E+00 0.00E+00 0.00E+00 0.00E+00 0.00E+00 0.00E+00 0.00E+00 0.00E+00 0.00E+00 0.00E+00 0.00E+00 0.00E+00 0.00E+00 0.00E+00
 130.00  2.935  2.77E+30 5.39E+29 2.86E+31 1.84E+13 2.02E+13 5.86E+13 6.37E+13 1.30E+19 3.02E+22 3.33E+22 4.54E+20 4.92E+26 1.24E+25 3.62E+20 8.23E+05 4.61E+10 1.61E+10 6.40E+16 3.26E+11 2.12E+17 1.28E+13 1.10E+18 1.18E+14 8.98E+17 1.91E+15 5.29E+20 8.38E+15 6.98E+22 1.72E+23 5.39E+29 3.44E+15 2.67E+16 1.09E+20 2.01E+18 0.00E+00 0.00E+00 0.00E+00 0.00E+00 0.00E+00 0.00E+00 0.00E+00 0.00E+00 0.00E+00 0.00E+00 0.00E+00 0.00E+00 0.00E+00 0.00E+00 0.00E+00 0.00E+00 0.00E+00 0.00E+00 0.00E+00
 140.00  3.046  2.11E+32 4.11E+31 2.18E+33 3.19E+13 3.53E+13 1.02E+14 1.12E+14 2.59E+19 6.05E+22 6.66E+22 9.06E+20 1.07E+28 2.00E+26 2.38E+21 3.02E+05 4.42E+10 1.45E+10 2.19E+17 4.08E+11 8.61E+17 2.35E+13 5.55E+18 2.84E+14 4.87E+18 6.39E+15 5.46E+21 3.53E+16 1.22E+24 3.43E+24 4.11E+31 6.85E+15 5.33E+16 2.17E+20 2.13E+19 0.00E+00 0.00E+00 0.00E+00 0.00E+00 0.00E+00 0.00E+00 0.00E+00 0.00E+00 0.00E+00 0.00E+00 0.00E+00 0.00E+00 0.00E+00 0.00E+00 0.00E+00 0.00E+00 0.00E+00 0.00E+00 0.00E+00
 150.00  3.153  1.61E+34 3.14E+33 1.66E+35 5.53E+13 6.17E+13 1.78E+14 1.97E+14 5.15E+19 1.21E+23 1.33E+23 1.81E+21 2.33E+29 3.23E+27 1.56E+22 1.11E+05 4.24E+10 1.32E+10 7.50E+17 5.10E+11 3.49E+18 4.31E+13 2.80E+19 6.84E+14 2.64E+19 2.14E+16 5.63E+22 1.49E+17 2.12E+25 6.87E+25 3.14E+33 1.36E+16 1.06E+17 4.35E+20 2.26E+20 0.00E+00 0.00E+00 0.00E+00 0.00E+00 0.00E+00 0.00E+00 0.00E+00 0.00E+00 0.00E+00 0.00E+00 0.00E+00 0.00E+00 0.00E+00 0.00E+00 0.00E+00 0.00E+00 0.00E+00 0.00E+00 0.00E+00
 160.00  3.256  1.23E+36 2.40E+35 1.27E+37 9.57E+13 1.08E+14 3.10E+14 3.46E+14 1.03E+20 2.42E+23 2.66E+23 3.62E+21 5.08E+30 5.20E+28 1.03E+23 4.08E+04 4.06E+10 1.19E+10 2.57E+18 6.39E+11 1.42E+19 7.89E+13 1.41E+20 1.65E+15 1.43E+20 7.16E+16 5.81E+23 6.27E+17 3.71E+26 1.37E+27 2.40E+35 2.71E+16 2.12E+17 8.70E+20 2.39E+21 0.00E+00 0.00E+00 0.00E+00 0.00E+00 0.00E+00 0.00E+00 0.00E+00 0.00E+00 0.00E+00 0.00E+00 0.00E+00 0.00E+00 0.00E+00 0.00E+00 0.00E+00 0.00E+00 0.00E+00 0.00E+00 0.00E+00
 170.00  3.356  9.39E+37 1.83E+37 9.70E+38 1.66E+14 1.88E+14 5.39E+14 6.08E+14 2.04E+20 4.83E+23 5.32E+23 7.22E+21 1.11E+32 8.37E+29 6.75E+23 1.50E+04 3.90E+10 1.08E+10 8.80E+18 7.99E+11 5.75E+19 1.45E+14 7.14E+20 3.96E+15 7.75E+20 2.40E+17 6.00E+24 2.64E+18 6.46E+27 2.75E+28 1.83E+37 5.40E+16 4.24E+17 1.74E+21 2.53E+22 0.00E+00 0.00E+00 0.00E+00 0.00E+00 0.00E+00 0.00E+00 0.00E+00 0.00E+00 0.00E+00 0.00E+00 0.00E+00 0.00E+00 0.00E+00 0.00E+00 0.00E+00 0.00E+00 0.00E+00 0.00E+00 0.00E+00
 180.00  3.454  7.17E+39 1.40E+39 7.41E+40 2.87E+14 3.29E+14 9.40E+14 1.07E+15 4.07E+20 9.67E+23 1.06E+24 1.44E+22 2.41E+33 1.35E+31 4.43E+24 5.51E+03 3.74E+10 9.73E+09 3.01E+19 1.00E+12 2.33E+20 2.65E+14 3.60E+21 9.54E+15 4.20E+21 8.02E+17 6.19E+25 1.11E+19 1.13E+29 5.50E+29 1.40E+39 1.08E+17 8.47E+17 3.48E+21 2.68E+23 0.00E+00 0.00E+00 0.00E+00 0.00E+00 0.00E+00 0.00E+00 0.00E+00 0.00E+00 0.00E+00 0.00E+00 0.00E+00 0.00E+00 0.00E+00 0.00E+00 0.00E+00 0.00E+00 0.00E+00 0.00E+00 0.00E+00
 190.00  3.548  5.48E+41 1.07E+41 5.66E+42 4.97E+14 5.75E+14 1.64E+15 1.88E+15 8.09E+20 1.93E+24 2.13E+24 2.88E+22 5.24E+34 2.17E+32 2.91E+25 2.02E+03 3.58E+10 8.80E+09 1.03E+20 1.25E+12 9.46E+20 4.87E+14 1.82E+22 2.30E+16 2.28E+22 2.68E+18 6.39E+26 4.69E+19 1.97E+30 1.10E+31 1.07E+41 2.14E+17 1.69E+18 6.96E+21 2.84E+24 0.00E+00 0.00E+00 0.00E+00 0.00E+00 0.00E+00 0.00E+00 0.00E+00 0.00E+00 0.00E+00 0.00E+00 0.00E+00 0.00E+00 0.00E+00 0.00E+00 0.00E+00 0.00E+00 0.00E+00 0.00E+00 0.00E+00
 200.00  3.640  4.18E+43 8.15E+42 4.32E+44 8.61E+14 1.00E+15 2.85E+15 3.30E+15 1.61E+21 3.86E+24 4.25E+24 5.76E+22 1.14E+36 3.50E+33 1.91E+26 7.44E+02 3.44E+10 7.96E+09 3.53E+20 1.57E+12 3.84E+21 8.92E+14 9.19E+22 5.53E+16 1.24E+23 8.99E+18 6.59E+27 1.97E+20 3.43E+31 2.20E+32 8.15E+42 4.26E+17 3.38E+18 1.39E+22 3.01E+25 0.00E+00 0.00E+00 0.00E+00 0.00E+00 0.00E+00 0.00E+00 0.00E+00 0.00E+00 0.00E+00 0.00E+00 0.00E+00 0.00E+00 0.00E+00 0.00E+00 0.00E+00 0.00E+00 0.00E+00 0.00E+00 0.00E+00
 
                    *********************************************************************************
                    *  Z= 67 A=166: Negative-parity Spin-dependent Level Density [MeV-1] for HO166  *
                    *********************************************************************************
 U[MeV]  T[MeV]  NCUMUL   RHOOBS   RHOTOT     J=00     J=01     J=02     J=03     J=04     J=05     J=06     J=07     J=08     J=09     J=10     J=11     J=12     J=13     J=14     J=15     J=16     J=17     J=18     J=19     J=20     J=21     J=22     J=23     J=24     J=25     J=26     J=27     J=28     J=29     J=30     J=31     J=32     J=33     J=34     J=35     J=36     J=37     J=38     J=39     J=40     J=41     J=42     J=43     J=44     J=45     J=46     J=47     J=48     J=49
   0.25  0.129  6.00E+00 4.53E+01 4.55E+02 1.35E-01 1.54E+00 3.23E+00 9.32E+00 7.94E+00 9.32E+00 6.13E+00 7.66E+00 0.00E+00 0.00E+00 0.00E+00 0.00E+00 0.00E+00 0.00E+00 0.00E+00 0.00E+00 0.00E+00 0.00E+00 0.00E+00 0.00E+00 0.00E+00 0.00E+00 0.00E+00 0.00E+00 0.00E+00 0.00E+00 0.00E+00 0.00E+00 0.00E+00 0.00E+00 0.00E+00 0.00E+00 0.00E+00 0.00E+00 0.00E+00 0.00E+00 0.00E+00 0.00E+00 0.00E+00 0.00E+00 0.00E+00 0.00E+00 0.00E+00 0.00E+00 0.00E+00 0.00E+00 0.00E+00 0.00E+00 0.00E+00 0.00E+00
   0.50  0.182  2.10E+01 7.44E+01 7.94E+02 0.00E+00 1.54E+00 6.29E+00 1.24E+01 1.42E+01 1.39E+01 9.19E+00 9.19E+00 6.13E+00 1.53E+00 0.00E+00 0.00E+00 0.00E+00 0.00E+00 0.00E+00 0.00E+00 0.00E+00 0.00E+00 0.00E+00 0.00E+00 0.00E+00 0.00E+00 0.00E+00 0.00E+00 0.00E+00 0.00E+00 0.00E+00 0.00E+00 0.00E+00 0.00E+00 0.00E+00 0.00E+00 0.00E+00 0.00E+00 0.00E+00 0.00E+00 0.00E+00 0.00E+00 0.00E+00 0.00E+00 0.00E+00 0.00E+00 0.00E+00 0.00E+00 0.00E+00 0.00E+00 0.00E+00 0.00E+00 0.00E+00 0.00E+00
   0.75  0.223  4.60E+01 1.24E+02 1.43E+03 1.35E-01 1.11E+01 1.09E+01 1.55E+01 1.24E+01 1.39E+01 1.56E+01 1.68E+01 1.23E+01 9.19E+00 6.13E+00 0.00E+00 0.00E+00 0.00E+00 0.00E+00 0.00E+00 0.00E+00 0.00E+00 0.00E+00 0.00E+00 0.00E+00 0.00E+00 0.00E+00 0.00E+00 0.00E+00 0.00E+00 0.00E+00 0.00E+00 0.00E+00 0.00E+00 0.00E+00 0.00E+00 0.00E+00 0.00E+00 0.00E+00 0.00E+00 0.00E+00 0.00E+00 0.00E+00 0.00E+00 0.00E+00 0.00E+00 0.00E+00 0.00E+00 0.00E+00 0.00E+00 0.00E+00 0.00E+00 0.00E+00 0.00E+00
   1.00  0.257  8.10E+01 1.59E+02 1.99E+03 2.70E-01 1.27E+01 7.69E+00 1.69E+01 1.89E+01 2.30E+01 1.56E+01 1.68E+01 1.68E+01 1.53E+01 7.66E+00 7.66E+00 0.00E+00 0.00E+00 0.00E+00 0.00E+00 0.00E+00 0.00E+00 0.00E+00 0.00E+00 0.00E+00 0.00E+00 0.00E+00 0.00E+00 0.00E+00 0.00E+00 0.00E+00 0.00E+00 0.00E+00 0.00E+00 0.00E+00 0.00E+00 0.00E+00 0.00E+00 0.00E+00 0.00E+00 0.00E+00 0.00E+00 0.00E+00 0.00E+00 0.00E+00 0.00E+00 0.00E+00 0.00E+00 0.00E+00 0.00E+00 0.00E+00 0.00E+00 0.00E+00 0.00E+00
   1.25  0.288  1.38E+02 2.98E+02 3.70E+03 9.55E-01 2.18E+01 1.72E+01 4.04E+01 3.91E+01 4.48E+01 2.32E+01 2.76E+01 2.15E+01 1.85E+01 1.68E+01 1.38E+01 7.66E+00 4.59E+00 0.00E+00 0.00E+00 0.00E+00 0.00E+00 0.00E+00 0.00E+00 0.00E+00 0.00E+00 0.00E+00 0.00E+00 0.00E+00 0.00E+00 0.00E+00 0.00E+00 0.00E+00 0.00E+00 0.00E+00 0.00E+00 0.00E+00 0.00E+00 0.00E+00 0.00E+00 0.00E+00 0.00E+00 0.00E+00 0.00E+00 0.00E+00 0.00E+00 0.00E+00 0.00E+00 0.00E+00 0.00E+00 0.00E+00 0.00E+00 0.00E+00 0.00E+00
   1.50  0.315  2.34E+02 4.65E+02 5.60E+03 1.77E+00 3.70E+01 3.14E+01 6.96E+01 4.99E+01 6.63E+01 5.08E+01 4.91E+01 2.30E+01 2.92E+01 1.84E+01 1.84E+01 1.23E+01 7.66E+00 0.00E+00 0.00E+00 0.00E+00 0.00E+00 0.00E+00 0.00E+00 0.00E+00 0.00E+00 0.00E+00 0.00E+00 0.00E+00 0.00E+00 0.00E+00 0.00E+00 0.00E+00 0.00E+00 0.00E+00 0.00E+00 0.00E+00 0.00E+00 0.00E+00 0.00E+00 0.00E+00 0.00E+00 0.00E+00 0.00E+00 0.00E+00 0.00E+00 0.00E+00 0.00E+00 0.00E+00 0.00E+00 0.00E+00 0.00E+00 0.00E+00 0.00E+00
   1.75  0.341  4.06E+02 9.16E+02 1.08E+04 2.43E+00 8.99E+01 5.76E+01 1.33E+02 9.70E+01 1.48E+02 9.64E+01 9.20E+01 5.83E+01 4.90E+01 2.30E+01 2.45E+01 1.68E+01 1.68E+01 7.66E+00 4.59E+00 0.00E+00 0.00E+00 0.00E+00 0.00E+00 0.00E+00 0.00E+00 0.00E+00 0.00E+00 0.00E+00 0.00E+00 0.00E+00 0.00E+00 0.00E+00 0.00E+00 0.00E+00 0.00E+00 0.00E+00 0.00E+00 0.00E+00 0.00E+00 0.00E+00 0.00E+00 0.00E+00 0.00E+00 0.00E+00 0.00E+00 0.00E+00 0.00E+00 0.00E+00 0.00E+00 0.00E+00 0.00E+00 0.00E+00 0.00E+00
   2.00  0.364  7.09E+02 1.51E+03 1.73E+04 1.89E+00 1.58E+02 1.16E+02 2.29E+02 1.57E+02 2.06E+02 1.57E+02 1.77E+02 9.07E+01 7.81E+01 4.76E+01 2.91E+01 1.99E+01 1.68E+01 1.38E+01 7.66E+00 0.00E+00 0.00E+00 0.00E+00 0.00E+00 0.00E+00 0.00E+00 0.00E+00 0.00E+00 0.00E+00 0.00E+00 0.00E+00 0.00E+00 0.00E+00 0.00E+00 0.00E+00 0.00E+00 0.00E+00 0.00E+00 0.00E+00 0.00E+00 0.00E+00 0.00E+00 0.00E+00 0.00E+00 0.00E+00 0.00E+00 0.00E+00 0.00E+00 0.00E+00 0.00E+00 0.00E+00 0.00E+00 0.00E+00 0.00E+00
   2.25  0.386  1.30E+03 3.24E+03 3.75E+04 1.76E+00 2.92E+02 2.56E+02 4.83E+02 3.85E+02 4.70E+02 3.32E+02 3.33E+02 2.14E+02 1.97E+02 9.07E+01 7.20E+01 3.70E+01 2.92E+01 1.84E+01 1.68E+01 7.66E+00 1.53E+00 0.00E+00 0.00E+00 0.00E+00 0.00E+00 0.00E+00 0.00E+00 0.00E+00 0.00E+00 0.00E+00 0.00E+00 0.00E+00 0.00E+00 0.00E+00 0.00E+00 0.00E+00 0.00E+00 0.00E+00 0.00E+00 0.00E+00 0.00E+00 0.00E+00 0.00E+00 0.00E+00 0.00E+00 0.00E+00 0.00E+00 0.00E+00 0.00E+00 0.00E+00 0.00E+00 0.00E+00 0.00E+00
   2.50  0.407  2.37E+03 5.29E+03 6.21E+04 2.03E+00 4.45E+02 4.10E+02 7.68E+02 6.27E+02 7.48E+02 5.37E+02 5.79E+02 3.93E+02 3.13E+02 1.71E+02 1.24E+02 6.78E+01 4.00E+01 2.60E+01 1.68E+01 1.38E+01 7.66E+00 0.00E+00 0.00E+00 0.00E+00 0.00E+00 0.00E+00 0.00E+00 0.00E+00 0.00E+00 0.00E+00 0.00E+00 0.00E+00 0.00E+00 0.00E+00 0.00E+00 0.00E+00 0.00E+00 0.00E+00 0.00E+00 0.00E+00 0.00E+00 0.00E+00 0.00E+00 0.00E+00 0.00E+00 0.00E+00 0.00E+00 0.00E+00 0.00E+00 0.00E+00 0.00E+00 0.00E+00 0.00E+00
   2.75  0.427  4.35E+03 1.05E+04 1.29E+05 4.32E+00 8.05E+02 7.34E+02 1.40E+03 1.17E+03 1.45E+03 1.15E+03 1.19E+03 8.40E+02 7.03E+02 4.02E+02 3.12E+02 1.67E+02 9.65E+01 4.44E+01 2.91E+01 1.84E+01 1.53E+01 6.13E+00 0.00E+00 0.00E+00 0.00E+00 0.00E+00 0.00E+00 0.00E+00 0.00E+00 0.00E+00 0.00E+00 0.00E+00 0.00E+00 0.00E+00 0.00E+00 0.00E+00 0.00E+00 0.00E+00 0.00E+00 0.00E+00 0.00E+00 0.00E+00 0.00E+00 0.00E+00 0.00E+00 0.00E+00 0.00E+00 0.00E+00 0.00E+00 0.00E+00 0.00E+00 0.00E+00 0.00E+00
   3.00  0.446  7.68E+03 1.62E+04 2.02E+05 4.73E+00 1.17E+03 1.08E+03 2.04E+03 1.75E+03 2.18E+03 1.71E+03 1.89E+03 1.35E+03 1.13E+03 7.04E+02 5.63E+02 2.73E+02 1.78E+02 7.37E+01 3.98E+01 2.77E+01 1.68E+01 9.19E+00 4.59E+00 0.00E+00 0.00E+00 0.00E+00 0.00E+00 0.00E+00 0.00E+00 0.00E+00 0.00E+00 0.00E+00 0.00E+00 0.00E+00 0.00E+00 0.00E+00 0.00E+00 0.00E+00 0.00E+00 0.00E+00 0.00E+00 0.00E+00 0.00E+00 0.00E+00 0.00E+00 0.00E+00 0.00E+00 0.00E+00 0.00E+00 0.00E+00 0.00E+00 0.00E+00 0.00E+00
   3.25  0.464  1.35E+04 3.03E+04 3.91E+05 3.78E+00 2.03E+03 1.96E+03 3.67E+03 3.18E+03 3.90E+03 3.17E+03 3.46E+03 2.57E+03 2.27E+03 1.49E+03 1.17E+03 6.55E+02 3.96E+02 1.91E+02 1.01E+02 4.30E+01 3.22E+01 1.68E+01 9.19E+00 3.06E+00 0.00E+00 0.00E+00 0.00E+00 0.00E+00 0.00E+00 0.00E+00 0.00E+00 0.00E+00 0.00E+00 0.00E+00 0.00E+00 0.00E+00 0.00E+00 0.00E+00 0.00E+00 0.00E+00 0.00E+00 0.00E+00 0.00E+00 0.00E+00 0.00E+00 0.00E+00 0.00E+00 0.00E+00 0.00E+00 0.00E+00 0.00E+00 0.00E+00 0.00E+00
   3.50  0.482  2.30E+04 4.56E+04 5.96E+05 6.65E+00 2.97E+03 2.86E+03 5.39E+03 4.76E+03 5.84E+03 4.68E+03 5.13E+03 3.89E+03 3.40E+03 2.34E+03 1.90E+03 1.07E+03 7.20E+02 3.21E+02 1.89E+02 7.50E+01 3.37E+01 1.68E+01 1.53E+01 6.13E+00 0.00E+00 0.00E+00 0.00E+00 0.00E+00 0.00E+00 0.00E+00 0.00E+00 0.00E+00 0.00E+00 0.00E+00 0.00E+00 0.00E+00 0.00E+00 0.00E+00 0.00E+00 0.00E+00 0.00E+00 0.00E+00 0.00E+00 0.00E+00 0.00E+00 0.00E+00 0.00E+00 0.00E+00 0.00E+00 0.00E+00 0.00E+00 0.00E+00 0.00E+00
   3.75  0.498  3.91E+04 8.35E+04 1.12E+06 1.24E+01 5.37E+03 5.12E+03 9.47E+03 8.22E+03 1.03E+04 8.54E+03 9.53E+03 7.20E+03 6.30E+03 4.41E+03 3.72E+03 2.27E+03 1.51E+03 7.80E+02 4.32E+02 1.89E+02 9.34E+01 2.76E+01 1.84E+01 1.53E+01 7.66E+00 0.00E+00 0.00E+00 0.00E+00 0.00E+00 0.00E+00 0.00E+00 0.00E+00 0.00E+00 0.00E+00 0.00E+00 0.00E+00 0.00E+00 0.00E+00 0.00E+00 0.00E+00 0.00E+00 0.00E+00 0.00E+00 0.00E+00 0.00E+00 0.00E+00 0.00E+00 0.00E+00 0.00E+00 0.00E+00 0.00E+00 0.00E+00 0.00E+00
   4.00  0.515  6.51E+04 1.24E+05 1.68E+06 1.92E+01 7.73E+03 7.33E+03 1.38E+04 1.22E+04 1.54E+04 1.25E+04 1.39E+04 1.06E+04 9.52E+03 6.67E+03 5.68E+03 3.55E+03 2.49E+03 1.31E+03 7.85E+02 3.25E+02 1.69E+02 6.43E+01 3.06E+01 1.68E+01 1.07E+01 0.00E+00 0.00E+00 0.00E+00 0.00E+00 0.00E+00 0.00E+00 0.00E+00 0.00E+00 0.00E+00 0.00E+00 0.00E+00 0.00E+00 0.00E+00 0.00E+00 0.00E+00 0.00E+00 0.00E+00 0.00E+00 0.00E+00 0.00E+00 0.00E+00 0.00E+00 0.00E+00 0.00E+00 0.00E+00 0.00E+00 0.00E+00 0.00E+00
   4.25  0.531  1.08E+05 2.22E+05 3.06E+06 2.20E+01 1.34E+04 1.29E+04 2.41E+04 2.13E+04 2.64E+04 2.19E+04 2.47E+04 1.94E+04 1.73E+04 1.26E+04 1.05E+04 6.72E+03 4.81E+03 2.80E+03 1.72E+03 8.27E+02 4.02E+02 1.43E+02 6.91E+01 2.60E+01 1.68E+01 7.66E+00 0.00E+00 0.00E+00 0.00E+00 0.00E+00 0.00E+00 0.00E+00 0.00E+00 0.00E+00 0.00E+00 0.00E+00 0.00E+00 0.00E+00 0.00E+00 0.00E+00 0.00E+00 0.00E+00 0.00E+00 0.00E+00 0.00E+00 0.00E+00 0.00E+00 0.00E+00 0.00E+00 0.00E+00 0.00E+00 0.00E+00 0.00E+00
   4.50  0.546  1.77E+05 3.26E+05 4.54E+06 2.25E+01 1.88E+04 1.83E+04 3.46E+04 3.11E+04 3.93E+04 3.22E+04 3.55E+04 2.81E+04 2.57E+04 1.86E+04 1.57E+04 1.02E+04 7.44E+03 4.43E+03 2.90E+03 1.41E+03 7.42E+02 2.68E+02 1.15E+02 3.52E+01 1.84E+01 1.38E+01 7.66E+00 0.00E+00 0.00E+00 0.00E+00 0.00E+00 0.00E+00 0.00E+00 0.00E+00 0.00E+00 0.00E+00 0.00E+00 0.00E+00 0.00E+00 0.00E+00 0.00E+00 0.00E+00 0.00E+00 0.00E+00 0.00E+00 0.00E+00 0.00E+00 0.00E+00 0.00E+00 0.00E+00 0.00E+00 0.00E+00 0.00E+00
   4.75  0.561  2.89E+05 5.72E+05 8.10E+06 2.61E+01 3.28E+04 3.18E+04 5.94E+04 5.30E+04 6.59E+04 5.57E+04 6.27E+04 5.02E+04 4.49E+04 3.34E+04 2.89E+04 1.89E+04 1.41E+04 8.58E+03 5.79E+03 3.07E+03 1.70E+03 6.98E+02 3.09E+02 8.74E+01 3.37E+01 1.84E+01 1.38E+01 3.06E+00 0.00E+00 0.00E+00 0.00E+00 0.00E+00 0.00E+00 0.00E+00 0.00E+00 0.00E+00 0.00E+00 0.00E+00 0.00E+00 0.00E+00 0.00E+00 0.00E+00 0.00E+00 0.00E+00 0.00E+00 0.00E+00 0.00E+00 0.00E+00 0.00E+00 0.00E+00 0.00E+00 0.00E+00 0.00E+00
   5.00  0.576  4.64E+05 8.31E+05 1.19E+07 3.58E+01 4.62E+04 4.48E+04 8.47E+04 7.64E+04 9.71E+04 8.10E+04 8.96E+04 7.17E+04 6.64E+04 4.87E+04 4.25E+04 2.87E+04 2.11E+04 1.32E+04 8.91E+03 4.95E+03 2.93E+03 1.26E+03 5.54E+02 1.69E+02 7.67E+01 2.92E+01 1.68E+01 6.13E+00 0.00E+00 0.00E+00 0.00E+00 0.00E+00 0.00E+00 0.00E+00 0.00E+00 0.00E+00 0.00E+00 0.00E+00 0.00E+00 0.00E+00 0.00E+00 0.00E+00 0.00E+00 0.00E+00 0.00E+00 0.00E+00 0.00E+00 0.00E+00 0.00E+00 0.00E+00 0.00E+00 0.00E+00 0.00E+00
   5.50  0.604  1.19E+06 2.06E+06 3.02E+07 7.35E+01 1.09E+05 1.07E+05 2.03E+05 1.85E+05 2.35E+05 1.97E+05 2.20E+05 1.78E+05 1.66E+05 1.25E+05 1.09E+05 7.54E+04 5.66E+04 3.70E+04 2.56E+04 1.53E+04 9.32E+03 4.67E+03 2.41E+03 8.84E+02 3.43E+02 8.77E+01 3.24E+01 1.68E+01 9.19E+00 0.00E+00 0.00E+00 0.00E+00 0.00E+00 0.00E+00 0.00E+00 0.00E+00 0.00E+00 0.00E+00 0.00E+00 0.00E+00 0.00E+00 0.00E+00 0.00E+00 0.00E+00 0.00E+00 0.00E+00 0.00E+00 0.00E+00 0.00E+00 0.00E+00 0.00E+00 0.00E+00 0.00E+00
   6.00  0.631  2.96E+06 5.04E+06 7.50E+07 1.14E+02 2.60E+05 2.54E+05 4.80E+05 4.38E+05 5.60E+05 4.75E+05 5.31E+05 4.33E+05 4.07E+05 3.10E+05 2.76E+05 1.94E+05 1.48E+05 9.88E+04 7.01E+04 4.35E+04 2.77E+04 1.49E+04 8.47E+03 3.78E+03 1.68E+03 4.95E+02 1.58E+02 4.50E+01 1.85E+01 7.66E+00 0.00E+00 0.00E+00 0.00E+00 0.00E+00 0.00E+00 0.00E+00 0.00E+00 0.00E+00 0.00E+00 0.00E+00 0.00E+00 0.00E+00 0.00E+00 0.00E+00 0.00E+00 0.00E+00 0.00E+00 0.00E+00 0.00E+00 0.00E+00 0.00E+00 0.00E+00 0.00E+00
   6.50  0.656  7.25E+06 1.21E+07 1.84E+08 2.63E+02 6.03E+05 5.91E+05 1.12E+06 1.03E+06 1.32E+06 1.12E+06 1.27E+06 1.04E+06 9.85E+05 7.57E+05 6.79E+05 4.85E+05 3.75E+05 2.56E+05 1.85E+05 1.19E+05 7.73E+04 4.41E+04 2.64E+04 1.31E+04 6.65E+03 2.49E+03 9.15E+02 2.29E+02 7.47E+01 1.78E+01 1.09E+01 0.00E+00 0.00E+00 0.00E+00 0.00E+00 0.00E+00 0.00E+00 0.00E+00 0.00E+00 0.00E+00 0.00E+00 0.00E+00 0.00E+00 0.00E+00 0.00E+00 0.00E+00 0.00E+00 0.00E+00 0.00E+00 0.00E+00 0.00E+00 0.00E+00 0.00E+00
   7.00  0.681  1.75E+07 2.87E+07 4.42E+08 6.82E+02 1.39E+06 1.36E+06 2.59E+06 2.38E+06 3.06E+06 2.62E+06 2.98E+06 2.45E+06 2.34E+06 1.82E+06 1.65E+06 1.19E+06 9.30E+05 6.47E+05 4.78E+05 3.11E+05 2.09E+05 1.24E+05 7.68E+04 4.05E+04 2.19E+04 9.81E+03 4.47E+03 1.47E+03 4.15E+02 9.25E+01 2.77E+01 1.56E+01 1.53E+00 0.00E+00 0.00E+00 0.00E+00 0.00E+00 0.00E+00 0.00E+00 0.00E+00 0.00E+00 0.00E+00 0.00E+00 0.00E+00 0.00E+00 0.00E+00 0.00E+00 0.00E+00 0.00E+00 0.00E+00 0.00E+00 0.00E+00 0.00E+00
   7.50  0.705  4.14E+07 6.70E+07 1.05E+09 1.48E+03 3.17E+06 3.11E+06 5.91E+06 5.45E+06 7.03E+06 6.03E+06 6.89E+06 5.72E+06 5.48E+06 4.29E+06 3.91E+06 2.86E+06 2.27E+06 1.60E+06 1.20E+06 7.99E+05 5.46E+05 3.34E+05 2.12E+05 1.17E+05 6.71E+04 3.29E+04 1.64E+04 6.69E+03 2.39E+03 7.02E+02 2.08E+02 4.06E+01 1.86E+01 0.00E+00 0.00E+00 0.00E+00 0.00E+00 0.00E+00 0.00E+00 0.00E+00 0.00E+00 0.00E+00 0.00E+00 0.00E+00 0.00E+00 0.00E+00 0.00E+00 0.00E+00 0.00E+00 0.00E+00 0.00E+00 0.00E+00 0.00E+00
   8.00  0.728  9.65E+07 1.54E+08 2.44E+09 2.93E+03 6.94E+06 6.82E+06 1.31E+07 1.21E+07 1.59E+07 1.37E+07 1.57E+07 1.31E+07 1.26E+07 9.96E+06 9.15E+06 6.78E+06 5.42E+06 3.88E+06 2.95E+06 2.00E+06 1.39E+06 8.74E+05 5.69E+05 3.27E+05 1.93E+05 1.01E+05 5.41E+04 2.46E+04 1.05E+04 3.98E+03 1.36E+03 3.90E+02 7.21E+01 1.68E+01 0.00E+00 0.00E+00 0.00E+00 0.00E+00 0.00E+00 0.00E+00 0.00E+00 0.00E+00 0.00E+00 0.00E+00 0.00E+00 0.00E+00 0.00E+00 0.00E+00 0.00E+00 0.00E+00 0.00E+00 0.00E+00 0.00E+00
   8.50  0.751  2.22E+08 3.50E+08 5.64E+09 6.38E+03 1.55E+07 1.52E+07 2.92E+07 2.72E+07 3.56E+07 3.08E+07 3.54E+07 2.94E+07 2.87E+07 2.28E+07 2.11E+07 1.58E+07 1.28E+07 9.24E+06 7.10E+06 4.91E+06 3.47E+06 2.22E+06 1.48E+06 8.76E+05 5.33E+05 2.90E+05 1.63E+05 7.96E+04 3.78E+04 1.70E+04 6.96E+03 1.87E+03 3.45E+02 3.83E+01 0.00E+00 0.00E+00 0.00E+00 0.00E+00 0.00E+00 0.00E+00 0.00E+00 0.00E+00 0.00E+00 0.00E+00 0.00E+00 0.00E+00 0.00E+00 0.00E+00 0.00E+00 0.00E+00 0.00E+00 0.00E+00 0.00E+00
   9.00  0.772  5.07E+08 7.90E+08 1.29E+10 1.30E+04 3.42E+07 3.36E+07 6.45E+07 6.02E+07 7.90E+07 6.86E+07 7.94E+07 6.62E+07 6.48E+07 5.19E+07 4.80E+07 3.64E+07 2.96E+07 2.17E+07 1.69E+07 1.18E+07 8.47E+06 5.54E+06 3.75E+06 2.28E+06 1.42E+06 8.03E+05 4.68E+05 2.42E+05 1.23E+05 5.97E+04 2.26E+04 5.81E+03 1.49E+03 1.42E+02 0.00E+00 0.00E+00 0.00E+00 0.00E+00 0.00E+00 0.00E+00 0.00E+00 0.00E+00 0.00E+00 0.00E+00 0.00E+00 0.00E+00 0.00E+00 0.00E+00 0.00E+00 0.00E+00 0.00E+00 0.00E+00 0.00E+00
   9.50  0.793  1.15E+09 1.77E+09 2.92E+10 2.81E+04 7.48E+07 7.36E+07 1.41E+08 1.32E+08 1.74E+08 1.51E+08 1.76E+08 1.47E+08 1.45E+08 1.17E+08 1.08E+08 8.28E+07 6.77E+07 5.01E+07 3.94E+07 2.80E+07 2.03E+07 1.35E+07 9.29E+06 5.81E+06 3.69E+06 2.15E+06 1.30E+06 6.98E+05 3.71E+05 1.61E+05 5.54E+04 1.76E+04 5.56E+03 7.44E+02 0.00E+00 0.00E+00 0.00E+00 0.00E+00 0.00E+00 0.00E+00 0.00E+00 0.00E+00 0.00E+00 0.00E+00 0.00E+00 0.00E+00 0.00E+00 0.00E+00 0.00E+00 0.00E+00 0.00E+00 0.00E+00 0.00E+00
  10.00  0.814  2.56E+09 3.91E+09 6.53E+10 5.89E+04 1.62E+08 1.60E+08 3.07E+08 2.88E+08 3.79E+08 3.31E+08 3.85E+08 3.24E+08 3.20E+08 2.59E+08 2.42E+08 1.86E+08 1.54E+08 1.15E+08 9.09E+07 6.52E+07 4.79E+07 3.24E+07 2.26E+07 1.44E+07 9.36E+06 5.60E+06 3.47E+06 1.93E+06 8.78E+05 3.58E+05 1.28E+05 4.39E+04 1.76E+04 2.98E+03 0.00E+00 0.00E+00 0.00E+00 0.00E+00 0.00E+00 0.00E+00 0.00E+00 0.00E+00 0.00E+00 0.00E+00 0.00E+00 0.00E+00 0.00E+00 0.00E+00 0.00E+00 0.00E+00 0.00E+00 0.00E+00 0.00E+00
  11.00  0.854  1.38E+10 1.86E+10 3.17E+11 2.48E+05 7.45E+08 7.35E+08 1.41E+09 1.33E+09 1.76E+09 1.55E+09 1.80E+09 1.53E+09 1.52E+09 1.24E+09 1.17E+09 9.14E+08 7.63E+08 5.79E+08 4.66E+08 3.41E+08 2.55E+08 1.78E+08 1.27E+08 8.39E+07 5.63E+07 3.06E+07 1.57E+07 7.35E+06 3.46E+06 1.55E+06 6.31E+05 2.51E+05 1.22E+05 2.64E+04 0.00E+00 0.00E+00 0.00E+00 0.00E+00 0.00E+00 0.00E+00 0.00E+00 0.00E+00 0.00E+00 0.00E+00 0.00E+00 0.00E+00 0.00E+00 0.00E+00 0.00E+00 0.00E+00 0.00E+00 0.00E+00 0.00E+00
  12.00  0.892  6.59E+10 8.55E+10 1.47E+12 1.03E+06 3.33E+09 3.28E+09 6.32E+09 5.96E+09 7.91E+09 6.99E+09 8.19E+09 6.98E+09 6.99E+09 5.77E+09 5.48E+09 4.32E+09 3.64E+09 2.80E+09 2.29E+09 1.70E+09 1.30E+09 9.23E+08 6.24E+08 3.36E+08 2.05E+08 1.01E+08 5.49E+07 2.66E+07 1.31E+07 6.28E+06 2.78E+06 1.20E+06 7.12E+05 1.53E+05 0.00E+00 0.00E+00 0.00E+00 0.00E+00 0.00E+00 0.00E+00 0.00E+00 0.00E+00 0.00E+00 0.00E+00 0.00E+00 0.00E+00 0.00E+00 0.00E+00 0.00E+00 0.00E+00 0.00E+00 0.00E+00 0.00E+00
  13.00  0.928  2.98E+11 3.79E+11 6.47E+12 4.29E+06 1.48E+10 1.46E+10 2.81E+10 2.64E+10 3.48E+10 3.09E+10 3.62E+10 3.13E+10 3.14E+10 2.61E+10 2.49E+10 1.97E+10 1.68E+10 1.31E+10 1.05E+10 7.24E+09 4.78E+09 2.88E+09 1.86E+09 9.89E+08 6.18E+08 3.09E+08 1.78E+08 8.90E+07 4.68E+07 2.33E+07 1.10E+07 5.12E+06 3.79E+06 6.99E+05 0.00E+00 0.00E+00 0.00E+00 0.00E+00 0.00E+00 0.00E+00 0.00E+00 0.00E+00 0.00E+00 0.00E+00 0.00E+00 0.00E+00 0.00E+00 0.00E+00 0.00E+00 0.00E+00 0.00E+00 0.00E+00 0.00E+00
  14.00  0.963  1.24E+12 1.51E+12 2.43E+13 1.72E+07 6.28E+10 6.21E+10 1.19E+11 1.12E+11 1.48E+11 1.32E+11 1.55E+11 1.35E+11 1.36E+11 1.10E+11 9.74E+10 7.03E+10 5.51E+10 3.77E+10 2.58E+10 1.74E+10 1.21E+10 7.15E+09 4.76E+09 2.56E+09 1.68E+09 8.60E+08 5.09E+08 2.59E+08 1.48E+08 7.29E+07 3.84E+07 1.87E+07 1.82E+07 2.40E+06 0.00E+00 0.00E+00 0.00E+00 0.00E+00 0.00E+00 0.00E+00 0.00E+00 0.00E+00 0.00E+00 0.00E+00 0.00E+00 0.00E+00 0.00E+00 0.00E+00 0.00E+00 0.00E+00 0.00E+00 0.00E+00 0.00E+00
  15.00  0.997  3.08E+12 2.17E+12 3.31E+13 2.84E+07 6.64E+10 6.57E+10 1.38E+11 1.75E+11 3.27E+11 2.76E+11 2.95E+11 1.68E+11 1.93E+11 1.22E+11 9.87E+10 6.26E+10 5.98E+10 3.89E+10 2.89E+10 1.83E+10 1.40E+10 7.64E+09 5.71E+09 2.79E+09 2.07E+09 1.01E+09 6.40E+08 3.22E+08 2.12E+08 1.06E+08 6.43E+07 3.19E+07 4.46E+07 2.72E+06 0.00E+00 0.00E+00 0.00E+00 0.00E+00 0.00E+00 0.00E+00 0.00E+00 0.00E+00 0.00E+00 0.00E+00 0.00E+00 0.00E+00 0.00E+00 0.00E+00 0.00E+00 0.00E+00 0.00E+00 0.00E+00 0.00E+00
  16.00  1.030  5.86E+12 3.40E+12 4.93E+13 4.69E+07 7.02E+10 6.94E+10 1.60E+11 2.72E+11 7.20E+11 5.77E+11 5.61E+11 2.10E+11 2.73E+11 1.35E+11 1.00E+11 5.58E+10 6.48E+10 4.02E+10 3.24E+10 1.91E+10 1.63E+10 8.15E+09 6.86E+09 3.03E+09 2.57E+09 1.18E+09 8.05E+08 3.99E+08 3.05E+08 1.54E+08 1.08E+08 5.44E+07 1.09E+08 3.09E+06 0.00E+00 0.00E+00 0.00E+00 0.00E+00 0.00E+00 0.00E+00 0.00E+00 0.00E+00 0.00E+00 0.00E+00 0.00E+00 0.00E+00 0.00E+00 0.00E+00 0.00E+00 0.00E+00 0.00E+00 0.00E+00 0.00E+00
  17.00  1.061  1.04E+13 5.78E+12 8.00E+13 7.74E+07 7.41E+10 7.34E+10 1.85E+11 4.23E+11 1.59E+12 1.21E+12 1.07E+12 2.61E+11 3.88E+11 1.49E+11 1.01E+11 4.97E+10 7.03E+10 4.15E+10 3.63E+10 2.01E+10 1.89E+10 8.70E+09 8.23E+09 3.29E+09 3.17E+09 1.38E+09 1.01E+09 4.94E+08 4.39E+08 2.23E+08 1.80E+08 9.29E+07 2.68E+08 3.50E+06 0.00E+00 0.00E+00 0.00E+00 0.00E+00 0.00E+00 0.00E+00 0.00E+00 0.00E+00 0.00E+00 0.00E+00 0.00E+00 0.00E+00 0.00E+00 0.00E+00 0.00E+00 0.00E+00 0.00E+00 0.00E+00 0.00E+00
  18.00  1.092  1.86E+13 1.05E+13 1.40E+14 1.28E+08 7.83E+10 7.77E+10 2.14E+11 6.59E+11 3.49E+12 2.52E+12 2.03E+12 3.25E+11 5.49E+11 1.65E+11 1.03E+11 4.42E+10 7.62E+10 4.28E+10 4.07E+10 2.10E+10 2.19E+10 9.29E+09 9.88E+09 3.58E+09 3.92E+09 1.61E+09 1.27E+09 6.12E+08 6.31E+08 3.24E+08 3.01E+08 1.59E+08 6.59E+08 3.97E+06 0.00E+00 0.00E+00 0.00E+00 0.00E+00 0.00E+00 0.00E+00 0.00E+00 0.00E+00 0.00E+00 0.00E+00 0.00E+00 0.00E+00 0.00E+00 0.00E+00 0.00E+00 0.00E+00 0.00E+00 0.00E+00 0.00E+00
  19.00  1.122  3.38E+13 2.00E+13 2.60E+14 2.11E+08 8.28E+10 8.21E+10 2.47E+11 1.03E+12 7.69E+12 5.26E+12 3.86E+12 4.05E+11 7.79E+11 1.82E+11 1.04E+11 3.94E+10 8.26E+10 4.42E+10 4.55E+10 2.20E+10 2.55E+10 9.92E+09 1.19E+10 3.89E+09 4.85E+09 1.88E+09 1.60E+09 7.59E+08 9.07E+08 4.71E+08 5.04E+08 2.71E+08 1.62E+09 4.50E+06 0.00E+00 0.00E+00 0.00E+00 0.00E+00 0.00E+00 0.00E+00 0.00E+00 0.00E+00 0.00E+00 0.00E+00 0.00E+00 0.00E+00 0.00E+00 0.00E+00 0.00E+00 0.00E+00 0.00E+00 0.00E+00 0.00E+00
  20.00  1.151  6.36E+13 3.96E+13 5.03E+14 3.50E+08 8.75E+10 8.68E+10 2.86E+11 1.60E+12 1.69E+13 1.10E+13 7.35E+12 5.05E+11 1.10E+12 2.02E+11 1.05E+11 3.51E+10 8.96E+10 4.56E+10 5.10E+10 2.31E+10 2.95E+10 1.06E+10 1.42E+10 4.22E+09 6.00E+09 2.20E+09 2.02E+09 9.41E+08 1.31E+09 6.83E+08 8.43E+08 4.62E+08 3.97E+09 5.11E+06 0.00E+00 0.00E+00 0.00E+00 0.00E+00 0.00E+00 0.00E+00 0.00E+00 0.00E+00 0.00E+00 0.00E+00 0.00E+00 0.00E+00 0.00E+00 0.00E+00 0.00E+00 0.00E+00 0.00E+00 0.00E+00 0.00E+00
  22.50  1.221  4.10E+14 2.38E+14 2.93E+15 1.23E+09 1.00E+11 9.99E+10 4.12E+11 4.84E+12 1.22E+14 6.94E+13 3.67E+13 8.75E+11 2.64E+12 2.60E+11 1.09E+11 2.62E+10 1.10E+11 4.94E+10 6.77E+10 2.60E+10 4.28E+10 1.25E+10 2.25E+10 5.20E+09 1.02E+10 3.25E+09 3.58E+09 1.61E+09 3.24E+09 1.74E+09 3.05E+09 1.76E+09 3.75E+10 7.00E+06 0.00E+00 0.00E+00 0.00E+00 0.00E+00 0.00E+00 0.00E+00 0.00E+00 0.00E+00 0.00E+00 0.00E+00 0.00E+00 0.00E+00 0.00E+00 0.00E+00 0.00E+00 0.00E+00 0.00E+00 0.00E+00 0.00E+00
  25.00  1.287  2.61E+15 1.52E+15 1.84E+16 4.31E+09 1.15E+11 1.15E+11 5.93E+11 1.46E+13 8.77E+14 4.38E+14 1.83E+14 1.52E+12 6.33E+12 3.34E+11 1.13E+11 1.96E+10 1.34E+11 5.35E+10 8.99E+10 2.92E+10 6.21E+10 1.47E+10 3.54E+10 6.40E+09 1.74E+10 4.81E+09 6.36E+09 2.76E+09 8.03E+09 4.41E+09 1.11E+10 6.69E+09 3.53E+11 9.58E+06 0.00E+00 0.00E+00 0.00E+00 0.00E+00 0.00E+00 0.00E+00 0.00E+00 0.00E+00 0.00E+00 0.00E+00 0.00E+00 0.00E+00 0.00E+00 0.00E+00 0.00E+00 0.00E+00 0.00E+00 0.00E+00 0.00E+00
  30.00  1.410  1.75E+17 6.76E+16 7.99E+17 5.31E+10 1.52E+11 1.52E+11 1.23E+12 1.34E+14 4.54E+16 1.75E+16 4.56E+15 4.55E+12 3.63E+13 5.54E+11 1.21E+11 1.10E+10 2.01E+11 6.28E+10 1.58E+11 3.70E+10 1.31E+11 2.03E+10 8.83E+10 9.69E+09 5.02E+10 1.05E+10 2.01E+10 8.07E+09 4.94E+10 2.84E+10 1.45E+11 9.70E+10 3.15E+13 1.80E+07 0.00E+00 0.00E+00 0.00E+00 0.00E+00 0.00E+00 0.00E+00 0.00E+00 0.00E+00 0.00E+00 0.00E+00 0.00E+00 0.00E+00 0.00E+00 0.00E+00 0.00E+00 0.00E+00 0.00E+00 0.00E+00 0.00E+00
  40.00  1.628  7.63E+20 1.53E+20 1.76E+21 8.07E+12 2.64E+11 2.66E+11 5.28E+12 1.12E+16 1.22E+20 2.77E+19 2.83E+18 4.11E+13 1.19E+15 1.52E+12 1.38E+11 3.45E+09 4.52E+11 8.64E+10 4.91E+11 5.93E+10 5.78E+11 3.91E+10 5.48E+11 2.22E+10 4.20E+11 5.02E+10 1.99E+11 6.92E+10 1.87E+12 1.18E+12 2.50E+13 2.04E+13 2.50E+17 6.33E+07 0.00E+00 0.00E+00 0.00E+00 0.00E+00 0.00E+00 0.00E+00 0.00E+00 0.00E+00 0.00E+00 0.00E+00 0.00E+00 0.00E+00 0.00E+00 0.00E+00 0.00E+00 0.00E+00 0.00E+00 0.00E+00 0.00E+00
  50.00  1.820  3.06E+21 3.06E+20 3.52E+21 1.61E+13 4.58E+11 4.65E+11 2.27E+13 9.41E+17 2.43E+20 5.54E+19 5.66E+18 3.70E+14 3.91E+16 4.19E+12 1.57E+11 1.08E+09 1.01E+12 1.19E+11 1.53E+12 9.49E+10 2.56E+12 7.52E+10 3.40E+12 5.10E+10 3.52E+12 2.40E+11 1.98E+12 5.93E+11 7.06E+13 4.93E+13 4.98E+13 4.06E+13 4.99E+17 2.23E+08 0.00E+00 0.00E+00 0.00E+00 0.00E+00 0.00E+00 0.00E+00 0.00E+00 0.00E+00 0.00E+00 0.00E+00 0.00E+00 0.00E+00 0.00E+00 0.00E+00 0.00E+00 0.00E+00 0.00E+00 0.00E+00 0.00E+00
  60.00  1.994  8.04E+21 6.90E+20 7.76E+21 3.21E+13 7.96E+11 8.14E+11 9.75E+13 7.88E+19 4.87E+20 1.11E+20 1.13E+19 3.34E+15 1.28E+18 1.15E+13 1.80E+11 3.39E+08 2.28E+12 1.64E+11 4.73E+12 1.52E+11 1.13E+13 1.44E+11 2.11E+13 1.17E+11 2.94E+13 1.15E+12 1.97E+13 5.08E+12 2.67E+15 2.05E+15 9.93E+13 8.11E+13 9.99E+17 7.85E+08 0.00E+00 0.00E+00 0.00E+00 0.00E+00 0.00E+00 0.00E+00 0.00E+00 0.00E+00 0.00E+00 0.00E+00 0.00E+00 0.00E+00 0.00E+00 0.00E+00 0.00E+00 0.00E+00 0.00E+00 0.00E+00 0.00E+00
  70.00  2.154  5.08E+22 7.87E+21 7.43E+22 6.39E+13 1.38E+12 1.42E+12 4.19E+14 6.61E+21 9.73E+20 2.21E+20 2.26E+19 3.01E+16 4.22E+19 3.16E+13 2.05E+11 1.06E+08 5.12E+12 2.25E+11 1.47E+13 2.43E+11 5.00E+13 2.78E+11 1.31E+14 2.69E+11 2.46E+14 5.48E+12 1.96E+14 4.36E+13 1.01E+17 8.55E+16 1.98E+14 1.62E+14 2.00E+18 2.76E+09 0.00E+00 0.00E+00 0.00E+00 0.00E+00 0.00E+00 0.00E+00 0.00E+00 0.00E+00 0.00E+00 0.00E+00 0.00E+00 0.00E+00 0.00E+00 0.00E+00 0.00E+00 0.00E+00 0.00E+00 0.00E+00 0.00E+00
  80.00  2.302  2.88E+24 5.58E+23 5.04E+24 1.27E+14 2.40E+12 2.49E+12 1.80E+15 5.54E+23 1.95E+21 4.43E+20 4.52E+19 2.71E+17 1.39E+21 8.69E+13 2.35E+11 3.33E+07 1.15E+13 3.10E+11 4.56E+13 3.90E+11 2.21E+14 5.33E+11 8.11E+14 6.17E+11 2.06E+15 2.62E+13 1.94E+15 3.73E+14 3.82E+18 3.56E+18 3.95E+14 3.23E+14 3.99E+18 9.72E+09 0.00E+00 0.00E+00 0.00E+00 0.00E+00 0.00E+00 0.00E+00 0.00E+00 0.00E+00 0.00E+00 0.00E+00 0.00E+00 0.00E+00 0.00E+00 0.00E+00 0.00E+00 0.00E+00 0.00E+00 0.00E+00 0.00E+00
  90.00  2.442  2.38E+26 4.65E+25 4.19E+26 2.54E+14 4.17E+12 4.36E+12 7.74E+15 4.64E+25 3.89E+21 8.85E+20 9.02E+19 2.44E+18 4.55E+22 2.39E+14 2.68E+11 1.04E+07 2.58E+13 4.27E+11 1.42E+14 6.24E+11 9.79E+14 1.03E+12 5.03E+15 1.42E+12 1.73E+16 1.25E+14 1.93E+16 3.20E+15 1.45E+20 1.48E+20 7.87E+14 6.44E+14 7.99E+18 3.42E+10 0.00E+00 0.00E+00 0.00E+00 0.00E+00 0.00E+00 0.00E+00 0.00E+00 0.00E+00 0.00E+00 0.00E+00 0.00E+00 0.00E+00 0.00E+00 0.00E+00 0.00E+00 0.00E+00 0.00E+00 0.00E+00 0.00E+00
 100.00  2.574  1.99E+28 3.89E+27 3.50E+28 5.06E+14 7.24E+12 7.63E+12 3.33E+16 3.89E+27 7.78E+21 1.77E+21 1.80E+20 2.20E+19 1.49E+24 6.56E+14 3.06E+11 3.27E+06 5.80E+13 5.88E+11 4.40E+14 1.00E+12 4.33E+15 1.97E+12 3.12E+16 3.25E+12 1.44E+17 5.98E+14 1.92E+17 2.74E+16 5.47E+21 6.17E+21 1.57E+15 1.28E+15 1.60E+19 1.20E+11 0.00E+00 0.00E+00 0.00E+00 0.00E+00 0.00E+00 0.00E+00 0.00E+00 0.00E+00 0.00E+00 0.00E+00 0.00E+00 0.00E+00 0.00E+00 0.00E+00 0.00E+00 0.00E+00 0.00E+00 0.00E+00 0.00E+00
 110.00  2.700  1.67E+30 3.26E+29 2.93E+30 1.01E+15 1.26E+13 1.34E+13 1.43E+17 3.26E+29 1.56E+22 3.54E+21 3.60E+20 1.99E+20 4.91E+25 1.80E+15 3.50E+11 1.02E+06 1.30E+14 8.09E+11 1.36E+15 1.60E+12 1.92E+16 3.79E+12 1.94E+17 7.46E+12 1.21E+18 2.86E+15 1.91E+18 2.35E+17 2.07E+23 2.57E+23 3.13E+15 2.56E+15 3.20E+19 4.24E+11 0.00E+00 0.00E+00 0.00E+00 0.00E+00 0.00E+00 0.00E+00 0.00E+00 0.00E+00 0.00E+00 0.00E+00 0.00E+00 0.00E+00 0.00E+00 0.00E+00 0.00E+00 0.00E+00 0.00E+00 0.00E+00 0.00E+00
 120.00  2.820  1.40E+32 2.73E+31 2.46E+32 2.01E+15 2.18E+13 2.34E+13 6.15E+17 2.73E+31 3.11E+22 7.07E+21 7.20E+20 1.79E+21 1.61E+27 4.95E+15 4.00E+11 3.21E+05 2.92E+14 1.11E+12 4.23E+15 2.56E+12 8.47E+16 7.28E+12 1.20E+18 1.71E+13 1.01E+19 1.37E+16 1.90E+19 2.02E+18 7.82E+24 1.07E+25 6.24E+15 5.11E+15 6.39E+19 1.49E+12 0.00E+00 0.00E+00 0.00E+00 0.00E+00 0.00E+00 0.00E+00 0.00E+00 0.00E+00 0.00E+00 0.00E+00 0.00E+00 0.00E+00 0.00E+00 0.00E+00 0.00E+00 0.00E+00 0.00E+00 0.00E+00 0.00E+00
 130.00  2.935  1.17E+34 2.29E+33 2.06E+34 4.01E+15 3.79E+13 4.09E+13 2.64E+18 2.29E+33 6.22E+22 1.41E+22 1.44E+21 1.61E+22 5.29E+28 1.36E+16 4.57E+11 1.01E+05 6.57E+14 1.53E+12 1.31E+16 4.11E+12 3.75E+17 1.40E+13 7.45E+18 3.93E+13 8.46E+19 6.52E+16 1.89E+20 1.73E+19 2.96E+26 4.45E+26 1.25E+16 1.02E+16 1.28E+20 5.26E+12 0.00E+00 0.00E+00 0.00E+00 0.00E+00 0.00E+00 0.00E+00 0.00E+00 0.00E+00 0.00E+00 0.00E+00 0.00E+00 0.00E+00 0.00E+00 0.00E+00 0.00E+00 0.00E+00 0.00E+00 0.00E+00 0.00E+00
 140.00  3.046  9.82E+35 1.92E+35 1.73E+36 7.99E+15 6.58E+13 7.16E+13 1.14E+19 1.92E+35 1.24E+23 2.83E+22 2.88E+21 1.46E+23 1.74E+30 3.74E+16 5.22E+11 3.16E+04 1.47E+15 2.11E+12 4.08E+16 6.58E+12 1.66E+18 2.69E+13 4.62E+19 9.02E+13 7.08E+20 3.12E+17 1.87E+21 1.48E+20 1.12E+28 1.85E+28 2.48E+16 2.04E+16 2.56E+20 1.85E+13 0.00E+00 0.00E+00 0.00E+00 0.00E+00 0.00E+00 0.00E+00 0.00E+00 0.00E+00 0.00E+00 0.00E+00 0.00E+00 0.00E+00 0.00E+00 0.00E+00 0.00E+00 0.00E+00 0.00E+00 0.00E+00 0.00E+00
 150.00  3.153  8.23E+37 1.61E+37 1.45E+38 1.59E+16 1.14E+14 1.25E+14 4.88E+19 1.61E+37 2.49E+23 5.65E+22 5.75E+21 1.31E+24 5.71E+31 1.03E+17 5.96E+11 9.90E+03 3.31E+15 2.90E+12 1.27E+17 1.05E+13 7.34E+18 5.17E+13 2.87E+20 2.07E+14 5.93E+21 1.49E+18 1.86E+22 1.27E+21 4.23E+29 7.72E+29 4.95E+16 4.06E+16 5.11E+20 6.52E+13 0.00E+00 0.00E+00 0.00E+00 0.00E+00 0.00E+00 0.00E+00 0.00E+00 0.00E+00 0.00E+00 0.00E+00 0.00E+00 0.00E+00 0.00E+00 0.00E+00 0.00E+00 0.00E+00 0.00E+00 0.00E+00 0.00E+00
 160.00  3.256  6.90E+39 1.35E+39 1.21E+40 3.18E+16 1.98E+14 2.19E+14 2.10E+20 1.35E+39 4.98E+23 1.13E+23 1.15E+22 1.18E+25 1.87E+33 2.83E+17 6.81E+11 3.10E+03 7.44E+15 3.99E+12 3.93E+17 1.69E+13 3.25E+19 9.93E+13 1.78E+21 4.75E+14 4.96E+22 7.12E+18 1.85E+23 1.09E+22 1.60E+31 3.21E+31 9.87E+16 8.11E+16 1.02E+21 2.29E+14 0.00E+00 0.00E+00 0.00E+00 0.00E+00 0.00E+00 0.00E+00 0.00E+00 0.00E+00 0.00E+00 0.00E+00 0.00E+00 0.00E+00 0.00E+00 0.00E+00 0.00E+00 0.00E+00 0.00E+00 0.00E+00 0.00E+00
 170.00  3.356  5.78E+41 1.13E+41 1.02E+42 6.33E+16 3.45E+14 3.83E+14 9.01E+20 1.13E+41 9.95E+23 2.26E+23 2.30E+22 1.07E+26 6.15E+34 7.76E+17 7.78E+11 9.73E+02 1.67E+16 5.50E+12 1.22E+18 2.70E+13 1.44E+20 1.91E+14 1.10E+22 1.09E+15 4.15E+23 3.40E+19 1.84E+24 9.32E+22 6.05E+32 1.34E+33 1.97E+17 1.62E+17 2.04E+21 8.07E+14 0.00E+00 0.00E+00 0.00E+00 0.00E+00 0.00E+00 0.00E+00 0.00E+00 0.00E+00 0.00E+00 0.00E+00 0.00E+00 0.00E+00 0.00E+00 0.00E+00 0.00E+00 0.00E+00 0.00E+00 0.00E+00 0.00E+00
 180.00  3.454  4.84E+43 9.46E+42 8.51E+43 1.26E+17 5.98E+14 6.71E+14 3.87E+21 9.46E+42 1.99E+24 4.52E+23 4.59E+22 9.61E+26 2.02E+36 2.13E+18 8.89E+11 0.00E+00 3.75E+16 7.56E+12 3.79E+18 4.33E+13 6.35E+20 3.67E+14 6.85E+22 2.50E+15 3.47E+24 1.63E+20 1.83E+25 7.99E+23 2.29E+34 5.57E+34 3.93E+17 3.23E+17 4.09E+21 2.84E+15 0.00E+00 0.00E+00 0.00E+00 0.00E+00 0.00E+00 0.00E+00 0.00E+00 0.00E+00 0.00E+00 0.00E+00 0.00E+00 0.00E+00 0.00E+00 0.00E+00 0.00E+00 0.00E+00 0.00E+00 0.00E+00 0.00E+00
 190.00  3.548  4.06E+45 7.93E+44 7.13E+45 2.52E+17 1.04E+15 1.17E+15 1.66E+22 7.93E+44 3.98E+24 9.03E+23 9.17E+22 8.67E+27 6.64E+37 5.86E+18 1.02E+12 0.00E+00 8.43E+16 1.04E+13 1.18E+19 6.93E+13 2.81E+21 7.05E+14 4.25E+23 5.74E+15 2.91E+25 7.77E+20 1.82E+26 6.85E+24 8.66E+35 2.32E+36 7.83E+17 6.44E+17 8.18E+21 1.00E+16 0.00E+00 0.00E+00 0.00E+00 0.00E+00 0.00E+00 0.00E+00 0.00E+00 0.00E+00 0.00E+00 0.00E+00 0.00E+00 0.00E+00 0.00E+00 0.00E+00 0.00E+00 0.00E+00 0.00E+00 0.00E+00 0.00E+00
 200.00  3.640  3.40E+47 6.64E+46 5.98E+47 5.02E+17 1.80E+15 2.05E+15 7.15E+22 6.64E+46 7.96E+24 1.81E+24 1.83E+23 7.81E+28 2.18E+39 1.61E+19 1.16E+12 0.00E+00 1.89E+17 1.43E+13 3.65E+19 1.11E+14 1.24E+22 1.35E+15 2.63E+24 1.32E+16 2.43E+26 3.71E+21 1.81E+27 5.87E+25 3.28E+37 9.65E+37 1.56E+18 1.28E+18 1.63E+22 3.52E+16 0.00E+00 0.00E+00 0.00E+00 0.00E+00 0.00E+00 0.00E+00 0.00E+00 0.00E+00 0.00E+00 0.00E+00 0.00E+00 0.00E+00 0.00E+00 0.00E+00 0.00E+00 0.00E+00 0.00E+00 0.00E+00 0.00E+00
 
