                    *********************************************************************************
                    *  Z= 79 A=198: Positive-Parity Spin-dependent Level Density [MeV-1] for AU198  *
                    *********************************************************************************
 U[MeV]  T[MeV]  NCUMUL   RHOOBS   RHOTOT     J=00     J=01     J=02     J=03     J=04     J=05     J=06     J=07     J=08     J=09     J=10     J=11     J=12     J=13     J=14     J=15     J=16     J=17     J=18     J=19     J=20     J=21     J=22     J=23     J=24     J=25     J=26     J=27     J=28     J=29     J=30     J=31     J=32     J=33     J=34     J=35     J=36     J=37     J=38     J=39     J=40     J=41     J=42     J=43     J=44     J=45     J=46     J=47     J=48     J=49
   0.25  0.118  5.00E+00 3.84E+01 3.07E+02 7.29E+00 2.55E+00 6.75E+00 5.22E+00 4.08E+00 2.51E+00 3.76E+00 1.88E+00 2.51E+00 9.41E-01 9.41E-01 0.00E+00 0.00E+00 0.00E+00 0.00E+00 0.00E+00 0.00E+00 0.00E+00 0.00E+00 0.00E+00 0.00E+00 0.00E+00 0.00E+00 0.00E+00 0.00E+00 0.00E+00 0.00E+00 0.00E+00 0.00E+00 0.00E+00 0.00E+00 0.00E+00 0.00E+00 0.00E+00 0.00E+00 0.00E+00 0.00E+00 0.00E+00 0.00E+00 0.00E+00 0.00E+00 0.00E+00 0.00E+00 0.00E+00 0.00E+00 0.00E+00 0.00E+00 0.00E+00 0.00E+00 0.00E+00
   0.50  0.167  1.50E+01 3.98E+01 4.10E+02 5.31E+00 8.86E-01 4.45E+00 5.22E+00 5.43E+00 2.51E+00 4.39E+00 2.51E+00 4.08E+00 1.88E+00 2.51E+00 6.27E-01 0.00E+00 0.00E+00 0.00E+00 0.00E+00 0.00E+00 0.00E+00 0.00E+00 0.00E+00 0.00E+00 0.00E+00 0.00E+00 0.00E+00 0.00E+00 0.00E+00 0.00E+00 0.00E+00 0.00E+00 0.00E+00 0.00E+00 0.00E+00 0.00E+00 0.00E+00 0.00E+00 0.00E+00 0.00E+00 0.00E+00 0.00E+00 0.00E+00 0.00E+00 0.00E+00 0.00E+00 0.00E+00 0.00E+00 0.00E+00 0.00E+00 0.00E+00 0.00E+00 0.00E+00
   0.75  0.204  2.50E+01 4.35E+01 5.87E+02 1.67E+00 2.29E+00 3.49E+00 2.46E+00 7.20E+00 3.14E+00 3.76E+00 2.20E+00 4.08E+00 2.51E+00 4.39E+00 2.51E+00 2.82E+00 9.41E-01 0.00E+00 0.00E+00 0.00E+00 0.00E+00 0.00E+00 0.00E+00 0.00E+00 0.00E+00 0.00E+00 0.00E+00 0.00E+00 0.00E+00 0.00E+00 0.00E+00 0.00E+00 0.00E+00 0.00E+00 0.00E+00 0.00E+00 0.00E+00 0.00E+00 0.00E+00 0.00E+00 0.00E+00 0.00E+00 0.00E+00 0.00E+00 0.00E+00 0.00E+00 0.00E+00 0.00E+00 0.00E+00 0.00E+00 0.00E+00 0.00E+00 0.00E+00
   1.00  0.236  3.90E+01 6.49E+01 8.02E+02 5.31E+00 4.29E+00 8.08E+00 3.40E+00 9.07E+00 6.78E+00 4.08E+00 3.14E+00 3.45E+00 2.82E+00 4.08E+00 2.51E+00 4.08E+00 1.88E+00 1.57E+00 3.14E-01 0.00E+00 0.00E+00 0.00E+00 0.00E+00 0.00E+00 0.00E+00 0.00E+00 0.00E+00 0.00E+00 0.00E+00 0.00E+00 0.00E+00 0.00E+00 0.00E+00 0.00E+00 0.00E+00 0.00E+00 0.00E+00 0.00E+00 0.00E+00 0.00E+00 0.00E+00 0.00E+00 0.00E+00 0.00E+00 0.00E+00 0.00E+00 0.00E+00 0.00E+00 0.00E+00 0.00E+00 0.00E+00 0.00E+00 0.00E+00
   1.25  0.264  6.10E+01 1.12E+02 1.25E+03 1.85E+01 6.59E+00 1.58E+01 8.51E+00 1.08E+01 1.00E+01 7.21E+00 4.08E+00 5.96E+00 4.08E+00 3.45E+00 2.82E+00 4.08E+00 2.51E+00 4.08E+00 1.88E+00 1.57E+00 0.00E+00 0.00E+00 0.00E+00 0.00E+00 0.00E+00 0.00E+00 0.00E+00 0.00E+00 0.00E+00 0.00E+00 0.00E+00 0.00E+00 0.00E+00 0.00E+00 0.00E+00 0.00E+00 0.00E+00 0.00E+00 0.00E+00 0.00E+00 0.00E+00 0.00E+00 0.00E+00 0.00E+00 0.00E+00 0.00E+00 0.00E+00 0.00E+00 0.00E+00 0.00E+00 0.00E+00 0.00E+00 0.00E+00
   1.50  0.289  9.60E+01 1.71E+02 1.86E+03 2.28E+01 1.15E+01 2.72E+01 1.56E+01 1.64E+01 1.44E+01 1.53E+01 6.90E+00 9.72E+00 4.08E+00 5.96E+00 3.76E+00 3.14E+00 2.82E+00 4.08E+00 2.51E+00 3.45E+00 9.41E-01 0.00E+00 0.00E+00 0.00E+00 0.00E+00 0.00E+00 0.00E+00 0.00E+00 0.00E+00 0.00E+00 0.00E+00 0.00E+00 0.00E+00 0.00E+00 0.00E+00 0.00E+00 0.00E+00 0.00E+00 0.00E+00 0.00E+00 0.00E+00 0.00E+00 0.00E+00 0.00E+00 0.00E+00 0.00E+00 0.00E+00 0.00E+00 0.00E+00 0.00E+00 0.00E+00 0.00E+00 0.00E+00
   1.75  0.312  1.60E+02 3.36E+02 3.54E+03 3.27E+01 3.15E+01 5.67E+01 2.80E+01 4.53E+01 2.76E+01 3.01E+01 1.51E+01 1.85E+01 9.10E+00 1.25E+01 5.33E+00 5.33E+00 4.08E+00 3.14E+00 2.20E+00 3.76E+00 2.51E+00 2.82E+00 3.14E-01 0.00E+00 0.00E+00 0.00E+00 0.00E+00 0.00E+00 0.00E+00 0.00E+00 0.00E+00 0.00E+00 0.00E+00 0.00E+00 0.00E+00 0.00E+00 0.00E+00 0.00E+00 0.00E+00 0.00E+00 0.00E+00 0.00E+00 0.00E+00 0.00E+00 0.00E+00 0.00E+00 0.00E+00 0.00E+00 0.00E+00 0.00E+00 0.00E+00 0.00E+00 0.00E+00
   2.00  0.333  2.77E+02 5.99E+02 6.23E+03 4.96E+01 4.69E+01 1.00E+02 6.76E+01 8.03E+01 5.09E+01 6.03E+01 3.14E+01 3.36E+01 1.57E+01 1.85E+01 8.47E+00 9.72E+00 4.08E+00 4.71E+00 3.14E+00 3.76E+00 2.82E+00 4.08E+00 1.88E+00 9.41E-01 0.00E+00 0.00E+00 0.00E+00 0.00E+00 0.00E+00 0.00E+00 0.00E+00 0.00E+00 0.00E+00 0.00E+00 0.00E+00 0.00E+00 0.00E+00 0.00E+00 0.00E+00 0.00E+00 0.00E+00 0.00E+00 0.00E+00 0.00E+00 0.00E+00 0.00E+00 0.00E+00 0.00E+00 0.00E+00 0.00E+00 0.00E+00 0.00E+00 0.00E+00
   2.25  0.354  5.07E+02 1.25E+03 1.38E+04 8.01E+01 7.25E+01 1.74E+02 1.43E+02 1.78E+02 1.13E+02 1.33E+02 9.03E+01 8.88E+01 4.67E+01 4.77E+01 1.85E+01 2.04E+01 9.10E+00 1.00E+01 4.08E+00 4.71E+00 2.82E+00 4.08E+00 2.51E+00 3.45E+00 9.41E-01 0.00E+00 0.00E+00 0.00E+00 0.00E+00 0.00E+00 0.00E+00 0.00E+00 0.00E+00 0.00E+00 0.00E+00 0.00E+00 0.00E+00 0.00E+00 0.00E+00 0.00E+00 0.00E+00 0.00E+00 0.00E+00 0.00E+00 0.00E+00 0.00E+00 0.00E+00 0.00E+00 0.00E+00 0.00E+00 0.00E+00 0.00E+00 0.00E+00
   2.50  0.373  8.87E+02 1.79E+03 2.11E+04 1.02E+02 8.05E+01 2.08E+02 1.89E+02 2.44E+02 1.71E+02 1.97E+02 1.35E+02 1.48E+02 8.41E+01 8.88E+01 4.02E+01 3.61E+01 1.57E+01 1.47E+01 7.53E+00 6.27E+00 4.08E+00 3.14E+00 2.82E+00 4.39E+00 1.88E+00 1.25E+00 0.00E+00 0.00E+00 0.00E+00 0.00E+00 0.00E+00 0.00E+00 0.00E+00 0.00E+00 0.00E+00 0.00E+00 0.00E+00 0.00E+00 0.00E+00 0.00E+00 0.00E+00 0.00E+00 0.00E+00 0.00E+00 0.00E+00 0.00E+00 0.00E+00 0.00E+00 0.00E+00 0.00E+00 0.00E+00 0.00E+00 0.00E+00
   2.75  0.391  1.47E+03 2.91E+03 3.77E+04 1.28E+02 1.23E+02 2.85E+02 2.60E+02 3.56E+02 2.99E+02 3.21E+02 2.27E+02 2.50E+02 1.57E+02 1.76E+02 9.72E+01 9.69E+01 4.67E+01 3.64E+01 1.54E+01 1.47E+01 5.96E+00 5.33E+00 3.14E+00 3.76E+00 2.51E+00 4.08E+00 9.41E-01 0.00E+00 0.00E+00 0.00E+00 0.00E+00 0.00E+00 0.00E+00 0.00E+00 0.00E+00 0.00E+00 0.00E+00 0.00E+00 0.00E+00 0.00E+00 0.00E+00 0.00E+00 0.00E+00 0.00E+00 0.00E+00 0.00E+00 0.00E+00 0.00E+00 0.00E+00 0.00E+00 0.00E+00 0.00E+00 0.00E+00
   3.00  0.408  2.36E+03 4.20E+03 5.54E+04 1.60E+02 1.79E+02 3.87E+02 3.80E+02 5.28E+02 4.22E+02 4.63E+02 3.23E+02 3.43E+02 2.22E+02 2.41E+02 1.44E+02 1.54E+02 8.41E+01 7.15E+01 3.20E+01 2.48E+01 9.72E+00 9.72E+00 4.08E+00 3.45E+00 2.82E+00 4.39E+00 1.88E+00 9.41E-01 0.00E+00 0.00E+00 0.00E+00 0.00E+00 0.00E+00 0.00E+00 0.00E+00 0.00E+00 0.00E+00 0.00E+00 0.00E+00 0.00E+00 0.00E+00 0.00E+00 0.00E+00 0.00E+00 0.00E+00 0.00E+00 0.00E+00 0.00E+00 0.00E+00 0.00E+00 0.00E+00 0.00E+00 0.00E+00
   3.25  0.425  3.82E+03 7.49E+03 1.00E+05 2.87E+02 3.04E+02 6.86E+02 6.72E+02 9.13E+02 7.60E+02 8.26E+02 6.02E+02 6.20E+02 3.96E+02 3.90E+02 2.40E+02 2.57E+02 1.57E+02 1.57E+02 8.25E+01 6.71E+01 2.42E+01 2.04E+01 7.53E+00 6.27E+00 4.08E+00 3.76E+00 2.51E+00 3.76E+00 9.41E-01 0.00E+00 0.00E+00 0.00E+00 0.00E+00 0.00E+00 0.00E+00 0.00E+00 0.00E+00 0.00E+00 0.00E+00 0.00E+00 0.00E+00 0.00E+00 0.00E+00 0.00E+00 0.00E+00 0.00E+00 0.00E+00 0.00E+00 0.00E+00 0.00E+00 0.00E+00 0.00E+00 0.00E+00
   3.50  0.441  6.13E+03 1.10E+04 1.48E+05 4.00E+02 4.31E+02 1.02E+03 9.44E+02 1.35E+03 1.10E+03 1.24E+03 9.11E+02 8.82E+02 6.20E+02 5.86E+02 3.54E+02 3.44E+02 2.19E+02 2.23E+02 1.28E+02 1.19E+02 5.08E+01 3.61E+01 1.32E+01 1.25E+01 4.08E+00 4.08E+00 2.82E+00 4.39E+00 1.88E+00 9.41E-01 0.00E+00 0.00E+00 0.00E+00 0.00E+00 0.00E+00 0.00E+00 0.00E+00 0.00E+00 0.00E+00 0.00E+00 0.00E+00 0.00E+00 0.00E+00 0.00E+00 0.00E+00 0.00E+00 0.00E+00 0.00E+00 0.00E+00 0.00E+00 0.00E+00 0.00E+00 0.00E+00
   3.75  0.456  1.00E+04 2.00E+04 2.70E+05 7.29E+02 7.84E+02 1.95E+03 1.78E+03 2.34E+03 1.92E+03 2.20E+03 1.65E+03 1.66E+03 1.13E+03 1.09E+03 6.58E+02 6.27E+02 3.90E+02 3.50E+02 2.16E+02 2.11E+02 1.12E+02 9.69E+01 3.45E+01 2.48E+01 9.10E+00 7.53E+00 4.08E+00 3.76E+00 2.20E+00 3.45E+00 3.14E-01 0.00E+00 0.00E+00 0.00E+00 0.00E+00 0.00E+00 0.00E+00 0.00E+00 0.00E+00 0.00E+00 0.00E+00 0.00E+00 0.00E+00 0.00E+00 0.00E+00 0.00E+00 0.00E+00 0.00E+00 0.00E+00 0.00E+00 0.00E+00 0.00E+00 0.00E+00
   4.00  0.471  1.62E+04 2.95E+04 4.03E+05 1.01E+03 1.06E+03 2.77E+03 2.60E+03 3.47E+03 2.93E+03 3.28E+03 2.52E+03 2.48E+03 1.69E+03 1.63E+03 1.00E+03 9.25E+02 5.88E+02 5.24E+02 3.06E+02 2.85E+02 1.65E+02 1.54E+02 7.00E+01 4.83E+01 1.57E+01 1.35E+01 4.08E+00 4.08E+00 2.20E+00 4.39E+00 1.57E+00 0.00E+00 0.00E+00 0.00E+00 0.00E+00 0.00E+00 0.00E+00 0.00E+00 0.00E+00 0.00E+00 0.00E+00 0.00E+00 0.00E+00 0.00E+00 0.00E+00 0.00E+00 0.00E+00 0.00E+00 0.00E+00 0.00E+00 0.00E+00 0.00E+00 0.00E+00
   4.25  0.486  2.64E+04 5.17E+04 7.21E+05 1.53E+03 1.86E+03 4.62E+03 4.35E+03 6.04E+03 4.93E+03 5.67E+03 4.39E+03 4.60E+03 3.13E+03 3.06E+03 1.85E+03 1.70E+03 1.09E+03 9.41E+02 5.74E+02 4.92E+02 2.71E+02 2.57E+02 1.37E+02 1.19E+02 4.67E+01 2.76E+01 9.10E+00 7.21E+00 4.08E+00 3.76E+00 2.51E+00 2.51E+00 0.00E+00 0.00E+00 0.00E+00 0.00E+00 0.00E+00 0.00E+00 0.00E+00 0.00E+00 0.00E+00 0.00E+00 0.00E+00 0.00E+00 0.00E+00 0.00E+00 0.00E+00 0.00E+00 0.00E+00 0.00E+00 0.00E+00 0.00E+00 0.00E+00
   4.50  0.500  4.21E+04 7.41E+04 1.05E+06 2.03E+03 2.54E+03 6.26E+03 5.97E+03 8.46E+03 7.02E+03 8.26E+03 6.51E+03 6.59E+03 4.58E+03 4.52E+03 2.85E+03 2.56E+03 1.63E+03 1.43E+03 8.67E+02 7.39E+02 4.12E+02 3.44E+02 1.98E+02 1.81E+02 8.41E+01 5.58E+01 1.57E+01 1.25E+01 4.08E+00 3.45E+00 2.82E+00 4.08E+00 9.41E-01 0.00E+00 0.00E+00 0.00E+00 0.00E+00 0.00E+00 0.00E+00 0.00E+00 0.00E+00 0.00E+00 0.00E+00 0.00E+00 0.00E+00 0.00E+00 0.00E+00 0.00E+00 0.00E+00 0.00E+00 0.00E+00 0.00E+00 0.00E+00
   4.75  0.514  6.69E+04 1.25E+05 1.81E+06 3.48E+03 3.85E+03 1.00E+04 9.68E+03 1.37E+04 1.17E+04 1.34E+04 1.06E+04 1.13E+04 8.11E+03 7.93E+03 5.07E+03 4.73E+03 3.04E+03 2.62E+03 1.60E+03 1.34E+03 7.57E+02 6.28E+02 3.33E+02 2.85E+02 1.57E+02 1.32E+02 4.67E+01 2.60E+01 9.10E+00 6.27E+00 3.14E+00 4.08E+00 2.51E+00 1.57E+00 0.00E+00 0.00E+00 0.00E+00 0.00E+00 0.00E+00 0.00E+00 0.00E+00 0.00E+00 0.00E+00 0.00E+00 0.00E+00 0.00E+00 0.00E+00 0.00E+00 0.00E+00 0.00E+00 0.00E+00 0.00E+00 0.00E+00
   5.00  0.527  1.05E+05 1.76E+05 2.59E+06 4.79E+03 5.13E+03 1.36E+04 1.33E+04 1.90E+04 1.64E+04 1.91E+04 1.54E+04 1.58E+04 1.15E+04 1.12E+04 7.44E+03 6.89E+03 4.43E+03 3.96E+03 2.44E+03 2.02E+03 1.15E+03 9.26E+02 5.10E+02 4.00E+02 2.19E+02 1.92E+02 8.41E+01 5.14E+01 1.54E+01 1.25E+01 4.39E+00 3.45E+00 2.51E+00 3.45E+00 0.00E+00 0.00E+00 0.00E+00 0.00E+00 0.00E+00 0.00E+00 0.00E+00 0.00E+00 0.00E+00 0.00E+00 0.00E+00 0.00E+00 0.00E+00 0.00E+00 0.00E+00 0.00E+00 0.00E+00 0.00E+00 0.00E+00
   5.50  0.553  2.51E+05 4.11E+05 6.22E+06 1.03E+04 1.15E+04 3.03E+04 2.96E+04 4.24E+04 3.73E+04 4.39E+04 3.58E+04 3.71E+04 2.76E+04 2.71E+04 1.84E+04 1.68E+04 1.12E+04 1.00E+04 6.45E+03 5.43E+03 3.22E+03 2.55E+03 1.41E+03 1.12E+03 5.88E+02 4.37E+02 2.19E+02 1.87E+02 8.25E+01 4.77E+01 1.22E+01 9.72E+00 4.08E+00 3.14E+00 0.00E+00 0.00E+00 0.00E+00 0.00E+00 0.00E+00 0.00E+00 0.00E+00 0.00E+00 0.00E+00 0.00E+00 0.00E+00 0.00E+00 0.00E+00 0.00E+00 0.00E+00 0.00E+00 0.00E+00 0.00E+00 0.00E+00
   6.00  0.577  5.94E+05 9.61E+05 1.48E+07 2.30E+04 2.67E+04 6.96E+04 6.75E+04 9.74E+04 8.50E+04 1.01E+05 8.34E+04 8.63E+04 6.52E+04 6.39E+04 4.45E+04 4.04E+04 2.73E+04 2.44E+04 1.58E+04 1.33E+04 8.25E+03 6.84E+03 3.88E+03 3.09E+03 1.63E+03 1.21E+03 5.88E+02 4.25E+02 2.16E+02 1.78E+02 6.56E+01 3.51E+01 9.10E+00 6.27E+00 0.00E+00 0.00E+00 0.00E+00 0.00E+00 0.00E+00 0.00E+00 0.00E+00 0.00E+00 0.00E+00 0.00E+00 0.00E+00 0.00E+00 0.00E+00 0.00E+00 0.00E+00 0.00E+00 0.00E+00 0.00E+00 0.00E+00
   6.50  0.601  1.39E+06 2.23E+06 3.49E+07 5.17E+04 5.85E+04 1.55E+05 1.52E+05 2.19E+05 1.94E+05 2.32E+05 1.93E+05 2.02E+05 1.56E+05 1.52E+05 1.07E+05 9.69E+04 6.57E+04 5.84E+04 3.84E+04 3.20E+04 2.02E+04 1.67E+04 9.82E+03 8.01E+03 4.42E+03 3.37E+03 1.63E+03 1.18E+03 5.74E+02 3.98E+02 1.89E+02 1.50E+02 4.67E+01 2.42E+01 0.00E+00 0.00E+00 0.00E+00 0.00E+00 0.00E+00 0.00E+00 0.00E+00 0.00E+00 0.00E+00 0.00E+00 0.00E+00 0.00E+00 0.00E+00 0.00E+00 0.00E+00 0.00E+00 0.00E+00 0.00E+00 0.00E+00
   7.00  0.624  3.22E+06 5.06E+06 8.06E+07 1.12E+05 1.26E+05 3.38E+05 3.31E+05 4.84E+05 4.31E+05 5.18E+05 4.36E+05 4.57E+05 3.59E+05 3.52E+05 2.52E+05 2.31E+05 1.61E+05 1.41E+05 9.27E+04 7.67E+04 4.87E+04 4.00E+04 2.39E+04 1.93E+04 1.10E+04 8.66E+03 4.43E+03 3.27E+03 1.60E+03 1.10E+03 4.89E+02 3.34E+02 1.57E+02 1.17E+02 0.00E+00 0.00E+00 0.00E+00 0.00E+00 0.00E+00 0.00E+00 0.00E+00 0.00E+00 0.00E+00 0.00E+00 0.00E+00 0.00E+00 0.00E+00 0.00E+00 0.00E+00 0.00E+00 0.00E+00 0.00E+00 0.00E+00
   7.50  0.645  7.31E+06 1.13E+07 1.84E+08 2.41E+05 2.70E+05 7.27E+05 7.14E+05 1.05E+06 9.44E+05 1.14E+06 9.69E+05 1.02E+06 8.13E+05 8.02E+05 5.83E+05 5.32E+05 3.77E+05 3.33E+05 2.23E+05 1.86E+05 1.18E+05 9.59E+04 5.76E+04 4.62E+04 2.69E+04 2.09E+04 1.11E+04 8.46E+03 4.31E+03 3.06E+03 1.35E+03 8.92E+02 3.90E+02 2.79E+02 0.00E+00 0.00E+00 0.00E+00 0.00E+00 0.00E+00 0.00E+00 0.00E+00 0.00E+00 0.00E+00 0.00E+00 0.00E+00 0.00E+00 0.00E+00 0.00E+00 0.00E+00 0.00E+00 0.00E+00 0.00E+00 0.00E+00
   8.00  0.667  1.64E+07 2.49E+07 4.11E+08 5.04E+05 5.66E+05 1.53E+06 1.50E+06 2.24E+06 2.02E+06 2.47E+06 2.12E+06 2.24E+06 1.81E+06 1.79E+06 1.32E+06 1.21E+06 8.69E+05 7.72E+05 5.21E+05 4.36E+05 2.82E+05 2.30E+05 1.41E+05 1.11E+05 6.48E+04 5.01E+04 2.70E+04 2.04E+04 1.08E+04 7.94E+03 3.75E+03 2.46E+03 1.09E+03 7.08E+02 0.00E+00 0.00E+00 0.00E+00 0.00E+00 0.00E+00 0.00E+00 0.00E+00 0.00E+00 0.00E+00 0.00E+00 0.00E+00 0.00E+00 0.00E+00 0.00E+00 0.00E+00 0.00E+00 0.00E+00 0.00E+00 0.00E+00
   8.50  0.687  3.63E+07 5.47E+07 9.15E+08 1.08E+06 1.20E+06 3.28E+06 3.22E+06 4.81E+06 4.38E+06 5.36E+06 4.63E+06 4.93E+06 4.00E+06 3.92E+06 2.96E+06 2.72E+06 1.97E+06 1.76E+06 1.20E+06 1.01E+06 6.59E+05 5.35E+05 3.33E+05 2.63E+05 1.58E+05 1.20E+05 6.51E+04 4.91E+04 2.63E+04 1.91E+04 9.49E+03 6.58E+03 3.04E+03 1.94E+03 0.00E+00 0.00E+00 0.00E+00 0.00E+00 0.00E+00 0.00E+00 0.00E+00 0.00E+00 0.00E+00 0.00E+00 0.00E+00 0.00E+00 0.00E+00 0.00E+00 0.00E+00 0.00E+00 0.00E+00 0.00E+00 0.00E+00
   9.00  0.707  7.97E+07 1.19E+08 2.02E+09 2.29E+06 2.53E+06 6.93E+06 6.83E+06 1.02E+07 9.37E+06 1.15E+07 1.00E+07 1.07E+07 8.78E+06 8.63E+06 6.58E+06 6.08E+06 4.45E+06 3.95E+06 2.73E+06 2.29E+06 1.52E+06 1.23E+06 7.77E+05 6.11E+05 3.72E+05 2.85E+05 1.59E+05 1.18E+05 6.35E+04 4.58E+04 2.31E+04 1.60E+04 7.83E+03 5.17E+03 0.00E+00 0.00E+00 0.00E+00 0.00E+00 0.00E+00 0.00E+00 0.00E+00 0.00E+00 0.00E+00 0.00E+00 0.00E+00 0.00E+00 0.00E+00 0.00E+00 0.00E+00 0.00E+00 0.00E+00 0.00E+00 0.00E+00
   9.50  0.726  1.74E+08 2.57E+08 4.42E+09 4.80E+06 5.30E+06 1.45E+07 1.43E+07 2.16E+07 1.98E+07 2.44E+07 2.14E+07 2.30E+07 1.90E+07 1.88E+07 1.44E+07 1.34E+07 9.94E+06 8.84E+06 6.17E+06 5.17E+06 3.44E+06 2.80E+06 1.78E+06 1.40E+06 8.63E+05 6.61E+05 3.73E+05 2.80E+05 1.56E+05 1.09E+05 5.56E+04 3.84E+04 1.92E+04 1.27E+04 0.00E+00 0.00E+00 0.00E+00 0.00E+00 0.00E+00 0.00E+00 0.00E+00 0.00E+00 0.00E+00 0.00E+00 0.00E+00 0.00E+00 0.00E+00 0.00E+00 0.00E+00 0.00E+00 0.00E+00 0.00E+00 0.00E+00
  10.00  0.745  3.75E+08 5.49E+08 9.56E+09 1.00E+07 1.10E+07 3.03E+07 2.99E+07 4.52E+07 4.16E+07 5.15E+07 4.53E+07 4.88E+07 4.07E+07 4.04E+07 3.14E+07 2.92E+07 2.19E+07 1.95E+07 1.38E+07 1.16E+07 7.80E+06 6.35E+06 4.05E+06 3.18E+06 1.98E+06 1.51E+06 8.67E+05 6.49E+05 3.66E+05 2.60E+05 1.36E+05 9.18E+04 4.61E+04 3.05E+04 0.00E+00 0.00E+00 0.00E+00 0.00E+00 0.00E+00 0.00E+00 0.00E+00 0.00E+00 0.00E+00 0.00E+00 0.00E+00 0.00E+00 0.00E+00 0.00E+00 0.00E+00 0.00E+00 0.00E+00 0.00E+00 0.00E+00
  11.00  0.782  1.88E+09 2.46E+09 4.37E+10 4.28E+07 4.67E+07 1.29E+08 1.28E+08 1.94E+08 1.80E+08 2.24E+08 1.99E+08 2.16E+08 1.82E+08 1.82E+08 1.44E+08 1.35E+08 1.03E+08 9.23E+07 6.62E+07 5.61E+07 3.85E+07 3.15E+07 2.05E+07 1.61E+07 1.02E+07 7.74E+06 4.53E+06 3.37E+06 1.95E+06 1.38E+06 7.46E+05 5.09E+05 2.67E+05 1.78E+05 0.00E+00 0.00E+00 0.00E+00 0.00E+00 0.00E+00 0.00E+00 0.00E+00 0.00E+00 0.00E+00 0.00E+00 0.00E+00 0.00E+00 0.00E+00 0.00E+00 0.00E+00 0.00E+00 0.00E+00 0.00E+00 0.00E+00
  12.00  0.816  8.44E+09 1.07E+10 1.94E+11 1.78E+08 1.93E+08 5.39E+08 5.34E+08 8.13E+08 7.58E+08 9.48E+08 8.47E+08 9.25E+08 7.90E+08 7.93E+08 6.36E+08 6.01E+08 4.64E+08 4.21E+08 3.07E+08 2.61E+08 1.83E+08 1.50E+08 9.97E+07 7.79E+07 5.04E+07 3.83E+07 2.30E+07 1.70E+07 1.01E+07 7.07E+06 3.87E+06 2.65E+06 1.43E+06 9.56E+05 0.00E+00 0.00E+00 0.00E+00 0.00E+00 0.00E+00 0.00E+00 0.00E+00 0.00E+00 0.00E+00 0.00E+00 0.00E+00 0.00E+00 0.00E+00 0.00E+00 0.00E+00 0.00E+00 0.00E+00 0.00E+00 0.00E+00
  13.00  0.850  3.66E+10 4.56E+10 8.42E+11 7.42E+08 8.02E+08 2.25E+09 2.23E+09 3.38E+09 3.15E+09 3.94E+09 3.53E+09 3.88E+09 3.34E+09 3.41E+09 2.75E+09 2.61E+09 2.04E+09 1.86E+09 1.38E+09 1.18E+09 8.41E+08 6.92E+08 4.66E+08 3.63E+08 2.38E+08 1.80E+08 1.10E+08 8.15E+07 4.91E+07 3.46E+07 1.94E+07 1.34E+07 7.35E+06 4.91E+06 0.00E+00 0.00E+00 0.00E+00 0.00E+00 0.00E+00 0.00E+00 0.00E+00 0.00E+00 0.00E+00 0.00E+00 0.00E+00 0.00E+00 0.00E+00 0.00E+00 0.00E+00 0.00E+00 0.00E+00 0.00E+00 0.00E+00
  14.00  0.882  1.52E+11 1.85E+11 3.44E+12 2.96E+09 3.18E+09 8.94E+09 8.88E+09 1.35E+10 1.26E+10 1.59E+10 1.43E+10 1.58E+10 1.37E+10 1.41E+10 1.15E+10 1.09E+10 8.53E+09 7.69E+09 5.66E+09 4.75E+09 3.33E+09 2.73E+09 1.84E+09 1.46E+09 9.66E+08 7.38E+08 4.57E+08 3.44E+08 2.11E+08 1.51E+08 8.60E+07 5.99E+07 3.36E+07 2.31E+07 0.00E+00 0.00E+00 0.00E+00 0.00E+00 0.00E+00 0.00E+00 0.00E+00 0.00E+00 0.00E+00 0.00E+00 0.00E+00 0.00E+00 0.00E+00 0.00E+00 0.00E+00 0.00E+00 0.00E+00 0.00E+00 0.00E+00
  15.00  0.913  4.25E+11 3.60E+11 6.19E+12 6.72E+09 7.20E+09 2.03E+10 2.02E+10 3.14E+10 2.97E+10 3.46E+10 2.90E+10 3.39E+10 2.68E+10 2.59E+10 1.72E+10 1.75E+10 1.35E+10 1.09E+10 8.70E+09 7.52E+09 4.80E+09 4.24E+09 2.73E+09 2.38E+09 1.57E+09 1.12E+09 7.56E+08 5.25E+08 3.53E+08 2.65E+08 1.43E+08 1.08E+08 5.99E+07 4.53E+07 0.00E+00 0.00E+00 0.00E+00 0.00E+00 0.00E+00 0.00E+00 0.00E+00 0.00E+00 0.00E+00 0.00E+00 0.00E+00 0.00E+00 0.00E+00 0.00E+00 0.00E+00 0.00E+00 0.00E+00 0.00E+00 0.00E+00
  16.00  0.943  9.64E+11 7.19E+11 1.14E+13 1.53E+10 1.63E+10 4.61E+10 4.59E+10 7.28E+10 6.98E+10 7.53E+10 5.89E+10 7.29E+10 5.27E+10 4.76E+10 2.58E+10 2.80E+10 2.15E+10 1.54E+10 1.34E+10 1.19E+10 6.92E+09 6.58E+09 4.07E+09 3.87E+09 2.56E+09 1.71E+09 1.25E+09 8.02E+08 5.92E+08 4.67E+08 2.37E+08 1.93E+08 1.07E+08 8.91E+07 0.00E+00 0.00E+00 0.00E+00 0.00E+00 0.00E+00 0.00E+00 0.00E+00 0.00E+00 0.00E+00 0.00E+00 0.00E+00 0.00E+00 0.00E+00 0.00E+00 0.00E+00 0.00E+00 0.00E+00 0.00E+00 0.00E+00
  17.00  0.972  2.06E+12 1.47E+12 2.18E+13 3.47E+10 3.69E+10 1.05E+11 1.04E+11 1.69E+11 1.64E+11 1.64E+11 1.19E+11 1.57E+11 1.04E+11 8.75E+10 3.87E+10 4.47E+10 3.41E+10 2.17E+10 2.05E+10 1.88E+10 9.99E+09 1.02E+10 6.05E+09 6.30E+09 4.17E+09 2.60E+09 2.07E+09 1.23E+09 9.93E+08 8.21E+08 3.94E+08 3.47E+08 1.90E+08 1.75E+08 0.00E+00 0.00E+00 0.00E+00 0.00E+00 0.00E+00 0.00E+00 0.00E+00 0.00E+00 0.00E+00 0.00E+00 0.00E+00 0.00E+00 0.00E+00 0.00E+00 0.00E+00 0.00E+00 0.00E+00 0.00E+00 0.00E+00
  18.00  1.000  4.32E+12 3.06E+12 4.25E+13 7.87E+10 8.36E+10 2.38E+11 2.37E+11 3.93E+11 3.86E+11 3.57E+11 2.42E+11 3.36E+11 2.03E+11 1.61E+11 5.81E+10 7.15E+10 5.41E+10 3.07E+10 3.15E+10 2.98E+10 1.44E+10 1.59E+10 9.00E+09 1.02E+10 6.79E+09 3.96E+09 3.43E+09 1.87E+09 1.66E+09 1.45E+09 6.55E+08 6.23E+08 3.38E+08 3.45E+08 0.00E+00 0.00E+00 0.00E+00 0.00E+00 0.00E+00 0.00E+00 0.00E+00 0.00E+00 0.00E+00 0.00E+00 0.00E+00 0.00E+00 0.00E+00 0.00E+00 0.00E+00 0.00E+00 0.00E+00 0.00E+00 0.00E+00
  19.00  1.027  9.10E+12 6.49E+12 8.49E+13 1.79E+11 1.89E+11 5.41E+11 5.38E+11 9.11E+11 9.07E+11 7.76E+11 4.90E+11 7.22E+11 4.00E+11 2.96E+11 8.72E+10 1.14E+11 8.58E+10 4.33E+10 4.83E+10 4.72E+10 2.08E+10 2.46E+10 1.34E+10 1.67E+10 1.11E+10 6.04E+09 5.67E+09 2.86E+09 2.79E+09 2.54E+09 1.09E+09 1.12E+09 6.02E+08 6.78E+08 0.00E+00 0.00E+00 0.00E+00 0.00E+00 0.00E+00 0.00E+00 0.00E+00 0.00E+00 0.00E+00 0.00E+00 0.00E+00 0.00E+00 0.00E+00 0.00E+00 0.00E+00 0.00E+00 0.00E+00 0.00E+00 0.00E+00
  20.00  1.054  1.93E+13 1.39E+13 1.73E+14 4.06E+11 4.28E+11 1.23E+12 1.22E+12 2.12E+12 2.13E+12 1.69E+12 9.93E+11 1.55E+12 7.85E+11 5.44E+11 1.31E+11 1.83E+11 1.36E+11 6.12E+10 7.42E+10 7.47E+10 3.00E+10 3.82E+10 1.99E+10 2.71E+10 1.80E+10 9.19E+09 9.39E+09 4.37E+09 4.68E+09 4.48E+09 1.81E+09 2.01E+09 1.07E+09 1.33E+09 0.00E+00 0.00E+00 0.00E+00 0.00E+00 0.00E+00 0.00E+00 0.00E+00 0.00E+00 0.00E+00 0.00E+00 0.00E+00 0.00E+00 0.00E+00 0.00E+00 0.00E+00 0.00E+00 0.00E+00 0.00E+00 0.00E+00
  22.50  1.118  1.60E+14 9.83E+13 1.11E+15 3.16E+12 3.31E+12 9.54E+12 9.52E+12 1.74E+13 1.81E+13 1.18E+13 5.81E+12 1.05E+13 4.25E+12 2.49E+12 3.61E+11 5.93E+11 4.32E+11 1.45E+11 2.17E+11 2.35E+11 7.49E+10 1.15E+11 5.38E+10 9.16E+10 6.10E+10 2.63E+10 3.31E+10 1.26E+10 1.70E+10 1.84E+10 6.43E+09 8.69E+09 4.54E+09 7.22E+09 0.00E+00 0.00E+00 0.00E+00 0.00E+00 0.00E+00 0.00E+00 0.00E+00 0.00E+00 0.00E+00 0.00E+00 0.00E+00 0.00E+00 0.00E+00 0.00E+00 0.00E+00 0.00E+00 0.00E+00 0.00E+00 0.00E+00
  25.00  1.179  1.19E+15 7.24E+14 7.66E+15 2.46E+13 2.55E+13 7.42E+13 7.41E+13 1.43E+14 1.53E+14 8.26E+13 3.40E+13 7.09E+13 2.30E+13 1.14E+13 9.95E+11 1.92E+12 1.37E+12 3.45E+11 6.34E+11 7.42E+11 1.87E+11 3.45E+11 1.45E+11 3.09E+11 2.06E+11 7.51E+10 1.17E+11 3.64E+10 6.19E+10 7.55E+10 2.29E+10 3.76E+10 1.92E+10 3.92E+10 0.00E+00 0.00E+00 0.00E+00 0.00E+00 0.00E+00 0.00E+00 0.00E+00 0.00E+00 0.00E+00 0.00E+00 0.00E+00 0.00E+00 0.00E+00 0.00E+00 0.00E+00 0.00E+00 0.00E+00 0.00E+00 0.00E+00
  30.00  1.291  1.08E+17 4.20E+16 4.13E+17 1.49E+15 1.52E+15 4.48E+15 4.49E+15 9.62E+15 1.10E+16 4.04E+15 1.16E+15 3.24E+15 6.72E+14 2.40E+14 7.56E+12 2.01E+13 1.38E+13 1.94E+12 5.41E+12 7.37E+12 1.17E+12 3.11E+12 1.06E+12 3.52E+12 2.36E+12 6.14E+11 1.45E+12 3.03E+11 8.20E+11 1.28E+12 2.89E+11 7.01E+11 3.44E+11 1.15E+12 0.00E+00 0.00E+00 0.00E+00 0.00E+00 0.00E+00 0.00E+00 0.00E+00 0.00E+00 0.00E+00 0.00E+00 0.00E+00 0.00E+00 0.00E+00 0.00E+00 0.00E+00 0.00E+00 0.00E+00 0.00E+00 0.00E+00
  40.00  1.491  8.13E+20 1.63E+20 1.51E+21 5.44E+18 5.38E+18 1.64E+19 1.65E+19 4.38E+19 5.66E+19 9.64E+18 1.36E+18 6.78E+18 5.75E+17 1.06E+17 4.37E+14 2.20E+15 1.40E+15 6.17E+13 3.95E+14 7.27E+14 4.56E+13 2.53E+14 5.65E+13 4.58E+14 3.10E+14 4.11E+13 2.23E+14 2.10E+13 1.44E+14 3.63E+14 4.62E+13 2.45E+14 1.11E+14 9.94E+14 0.00E+00 0.00E+00 0.00E+00 0.00E+00 0.00E+00 0.00E+00 0.00E+00 0.00E+00 0.00E+00 0.00E+00 0.00E+00 0.00E+00 0.00E+00 0.00E+00 0.00E+00 0.00E+00 0.00E+00 0.00E+00 0.00E+00
  50.00  1.667  3.25E+21 3.25E+20 3.02E+21 1.09E+19 1.08E+19 3.27E+19 3.30E+19 8.75E+19 1.13E+20 1.93E+19 2.72E+18 1.36E+19 1.15E+18 2.12E+17 2.53E+16 4.39E+15 2.78E+15 1.96E+15 2.88E+16 7.17E+16 1.78E+15 2.06E+16 3.00E+15 9.12E+14 6.18E+14 2.75E+15 4.44E+14 1.46E+15 2.87E+14 7.25E+14 9.22E+13 4.89E+14 2.21E+14 1.99E+15 0.00E+00 0.00E+00 0.00E+00 0.00E+00 0.00E+00 0.00E+00 0.00E+00 0.00E+00 0.00E+00 0.00E+00 0.00E+00 0.00E+00 0.00E+00 0.00E+00 0.00E+00 0.00E+00 0.00E+00 0.00E+00 0.00E+00
  60.00  1.826  8.19E+21 6.63E+20 6.46E+21 2.17E+19 2.15E+19 6.55E+19 6.60E+19 1.75E+20 2.26E+20 3.85E+19 5.43E+18 2.71E+19 2.30E+18 4.23E+17 1.46E+18 8.74E+15 5.53E+15 6.22E+16 2.10E+18 7.07E+18 6.92E+16 1.67E+18 1.60E+17 1.82E+15 1.23E+15 1.84E+17 8.85E+14 1.01E+17 5.72E+14 1.45E+15 1.84E+14 9.76E+14 4.41E+14 3.97E+15 0.00E+00 0.00E+00 0.00E+00 0.00E+00 0.00E+00 0.00E+00 0.00E+00 0.00E+00 0.00E+00 0.00E+00 0.00E+00 0.00E+00 0.00E+00 0.00E+00 0.00E+00 0.00E+00 0.00E+00 0.00E+00 0.00E+00
  70.00  1.972  2.35E+22 2.40E+21 4.82E+22 4.35E+19 4.30E+19 1.31E+20 1.32E+20 3.50E+20 4.53E+20 7.70E+19 1.09E+19 5.42E+19 4.59E+18 8.44E+17 8.45E+19 1.74E+16 1.10E+16 1.97E+18 1.53E+20 6.97E+20 2.70E+18 1.36E+20 8.51E+18 3.62E+15 2.45E+15 1.23E+19 1.76E+15 7.00E+18 1.14E+15 2.89E+15 3.66E+14 1.95E+15 8.80E+14 7.94E+15 0.00E+00 0.00E+00 0.00E+00 0.00E+00 0.00E+00 0.00E+00 0.00E+00 0.00E+00 0.00E+00 0.00E+00 0.00E+00 0.00E+00 0.00E+00 0.00E+00 0.00E+00 0.00E+00 0.00E+00 0.00E+00 0.00E+00
  80.00  2.108  5.38E+23 1.00E+23 3.25E+24 8.69E+19 8.60E+19 2.62E+20 2.64E+20 7.00E+20 9.06E+20 1.54E+20 2.17E+19 1.08E+20 9.18E+18 1.69E+18 4.88E+21 3.46E+16 2.19E+16 6.27E+19 1.11E+22 6.88E+22 1.05E+20 1.11E+22 4.53E+20 7.21E+15 4.89E+15 8.21E+20 3.52E+15 4.85E+20 2.27E+15 5.77E+15 7.31E+14 3.89E+15 1.76E+15 1.59E+16 0.00E+00 0.00E+00 0.00E+00 0.00E+00 0.00E+00 0.00E+00 0.00E+00 0.00E+00 0.00E+00 0.00E+00 0.00E+00 0.00E+00 0.00E+00 0.00E+00 0.00E+00 0.00E+00 0.00E+00 0.00E+00 0.00E+00
  90.00  2.236  4.56E+25 8.90E+24 2.94E+26 1.74E+20 1.72E+20 5.23E+20 5.28E+20 1.40E+21 1.81E+21 3.08E+20 4.34E+19 2.17E+20 1.83E+19 3.37E+18 2.82E+23 6.89E+16 4.36E+16 1.99E+21 8.12E+23 6.78E+24 4.10E+21 9.01E+23 2.41E+22 1.44E+16 9.74E+15 5.49E+22 7.01E+15 3.37E+22 4.53E+15 1.15E+16 1.46E+15 7.77E+15 3.51E+15 3.17E+16 0.00E+00 0.00E+00 0.00E+00 0.00E+00 0.00E+00 0.00E+00 0.00E+00 0.00E+00 0.00E+00 0.00E+00 0.00E+00 0.00E+00 0.00E+00 0.00E+00 0.00E+00 0.00E+00 0.00E+00 0.00E+00 0.00E+00
 100.00  2.357  4.22E+27 8.25E+26 2.73E+28 3.48E+20 3.44E+20 1.05E+21 1.06E+21 2.80E+21 3.62E+21 6.16E+20 8.68E+19 4.34E+20 3.67E+19 6.73E+18 1.63E+25 1.37E+17 8.68E+16 6.32E+22 5.92E+25 6.69E+26 1.60E+23 7.33E+25 1.28E+24 2.86E+16 1.94E+16 3.67E+24 1.40E+16 2.33E+24 9.04E+15 2.30E+16 2.90E+15 1.55E+16 7.01E+15 6.34E+16 0.00E+00 0.00E+00 0.00E+00 0.00E+00 0.00E+00 0.00E+00 0.00E+00 0.00E+00 0.00E+00 0.00E+00 0.00E+00 0.00E+00 0.00E+00 0.00E+00 0.00E+00 0.00E+00 0.00E+00 0.00E+00 0.00E+00
 110.00  2.472  3.97E+29 7.77E+28 2.58E+30 6.95E+20 6.88E+20 2.09E+21 2.11E+21 5.60E+21 7.24E+21 1.23E+21 1.73E+20 8.67E+20 7.33E+19 1.34E+19 9.43E+26 2.73E+17 1.73E+17 2.01E+24 4.32E+27 6.60E+28 6.24E+24 5.96E+27 6.82E+25 5.70E+16 3.87E+16 2.46E+26 2.79E+16 1.62E+26 1.80E+16 4.59E+16 5.79E+15 3.10E+16 1.40E+16 1.27E+17 0.00E+00 0.00E+00 0.00E+00 0.00E+00 0.00E+00 0.00E+00 0.00E+00 0.00E+00 0.00E+00 0.00E+00 0.00E+00 0.00E+00 0.00E+00 0.00E+00 0.00E+00 0.00E+00 0.00E+00 0.00E+00 0.00E+00
 120.00  2.582  3.78E+31 7.39E+30 2.45E+32 1.39E+21 1.38E+21 4.19E+21 4.22E+21 1.12E+22 1.45E+22 2.46E+21 3.47E+20 1.73E+21 1.46E+20 2.69E+19 5.45E+28 5.44E+17 3.44E+17 6.37E+25 3.15E+29 6.51E+30 2.43E+26 4.85E+29 3.63E+27 1.14E+17 7.70E+16 1.64E+28 5.56E+16 1.12E+28 3.60E+16 9.17E+16 1.15E+16 6.19E+16 2.80E+16 2.53E+17 0.00E+00 0.00E+00 0.00E+00 0.00E+00 0.00E+00 0.00E+00 0.00E+00 0.00E+00 0.00E+00 0.00E+00 0.00E+00 0.00E+00 0.00E+00 0.00E+00 0.00E+00 0.00E+00 0.00E+00 0.00E+00 0.00E+00
 130.00  2.687  3.62E+33 7.09E+32 2.35E+34 2.78E+21 2.75E+21 8.37E+21 8.44E+21 2.24E+22 2.90E+22 4.92E+21 6.93E+20 3.47E+21 2.93E+20 5.37E+19 3.15E+30 1.08E+18 6.84E+17 2.02E+27 2.29E+31 6.42E+32 9.48E+27 3.94E+31 1.93E+29 2.26E+17 1.53E+17 1.10E+30 1.11E+17 7.78E+29 7.17E+16 1.83E+17 2.30E+16 1.24E+17 5.58E+16 5.06E+17 0.00E+00 0.00E+00 0.00E+00 0.00E+00 0.00E+00 0.00E+00 0.00E+00 0.00E+00 0.00E+00 0.00E+00 0.00E+00 0.00E+00 0.00E+00 0.00E+00 0.00E+00 0.00E+00 0.00E+00 0.00E+00 0.00E+00
 140.00  2.789  3.50E+35 6.85E+34 2.27E+36 5.56E+21 5.50E+21 1.67E+22 1.69E+22 4.48E+22 5.79E+22 9.85E+21 1.39E+21 6.93E+21 5.85E+20 1.07E+20 1.82E+32 2.16E+18 1.36E+18 6.42E+28 1.67E+33 6.33E+34 3.70E+29 3.21E+33 1.03E+31 4.51E+17 3.06E+17 7.34E+31 2.21E+17 5.39E+31 1.43E+17 3.65E+17 4.59E+16 2.47E+17 1.11E+17 1.01E+18 0.00E+00 0.00E+00 0.00E+00 0.00E+00 0.00E+00 0.00E+00 0.00E+00 0.00E+00 0.00E+00 0.00E+00 0.00E+00 0.00E+00 0.00E+00 0.00E+00 0.00E+00 0.00E+00 0.00E+00 0.00E+00 0.00E+00
 150.00  2.887  3.39E+37 6.65E+36 2.20E+38 1.11E+22 1.10E+22 3.35E+22 3.37E+22 8.95E+22 1.16E+23 1.97E+22 2.77E+21 1.39E+22 1.17E+21 2.14E+20 1.05E+34 4.29E+18 2.71E+18 2.04E+30 1.22E+35 6.24E+36 1.44E+31 2.61E+35 5.47E+32 8.98E+17 6.09E+17 4.91E+33 4.40E+17 3.74E+33 2.85E+17 7.30E+17 9.15E+16 4.93E+17 2.23E+17 2.02E+18 0.00E+00 0.00E+00 0.00E+00 0.00E+00 0.00E+00 0.00E+00 0.00E+00 0.00E+00 0.00E+00 0.00E+00 0.00E+00 0.00E+00 0.00E+00 0.00E+00 0.00E+00 0.00E+00 0.00E+00 0.00E+00 0.00E+00
 160.00  2.981  3.30E+39 6.47E+38 2.14E+40 2.22E+22 2.20E+22 6.69E+22 6.75E+22 1.79E+23 2.32E+23 3.94E+22 5.54E+21 2.77E+22 2.34E+21 4.28E+20 6.09E+35 8.55E+18 5.39E+18 6.47E+31 8.88E+36 6.16E+38 5.62E+32 2.12E+37 2.91E+34 1.79E+18 1.21E+18 3.28E+35 8.77E+17 2.59E+35 5.69E+17 1.46E+18 1.82E+17 9.85E+17 4.44E+17 4.04E+18 0.00E+00 0.00E+00 0.00E+00 0.00E+00 0.00E+00 0.00E+00 0.00E+00 0.00E+00 0.00E+00 0.00E+00 0.00E+00 0.00E+00 0.00E+00 0.00E+00 0.00E+00 0.00E+00 0.00E+00 0.00E+00 0.00E+00
 170.00  3.073  3.22E+41 6.32E+40 2.09E+42 4.45E+22 4.40E+22 1.34E+23 1.35E+23 3.58E+23 4.63E+23 7.87E+22 1.11E+22 5.54E+22 4.67E+21 8.55E+20 3.52E+37 1.70E+19 1.07E+19 2.05E+33 6.48E+38 6.07E+40 2.19E+34 1.73E+39 1.55E+36 3.57E+18 2.42E+18 2.20E+37 1.75E+18 1.80E+37 1.13E+18 2.91E+18 3.64E+17 1.97E+18 8.87E+17 8.08E+18 0.00E+00 0.00E+00 0.00E+00 0.00E+00 0.00E+00 0.00E+00 0.00E+00 0.00E+00 0.00E+00 0.00E+00 0.00E+00 0.00E+00 0.00E+00 0.00E+00 0.00E+00 0.00E+00 0.00E+00 0.00E+00 0.00E+00
 180.00  3.162  3.16E+43 6.18E+42 2.05E+44 8.89E+22 8.80E+22 2.68E+23 2.70E+23 7.16E+23 9.27E+23 1.57E+23 2.21E+22 1.11E+23 9.34E+21 1.71E+21 2.04E+39 3.39E+19 2.14E+19 6.52E+34 4.72E+40 5.99E+42 8.55E+35 1.40E+41 8.25E+37 7.10E+18 4.82E+18 1.47E+39 3.49E+18 1.25E+39 2.26E+18 5.81E+18 7.25E+17 3.93E+18 1.77E+18 1.62E+19 0.00E+00 0.00E+00 0.00E+00 0.00E+00 0.00E+00 0.00E+00 0.00E+00 0.00E+00 0.00E+00 0.00E+00 0.00E+00 0.00E+00 0.00E+00 0.00E+00 0.00E+00 0.00E+00 0.00E+00 0.00E+00 0.00E+00
 190.00  3.249  3.09E+45 6.06E+44 2.00E+46 1.78E+23 1.76E+23 5.35E+23 5.40E+23 1.43E+24 1.85E+24 3.15E+23 4.43E+22 2.22E+23 1.87E+22 3.41E+21 1.18E+41 6.74E+19 4.25E+19 2.07E+36 3.44E+42 5.91E+44 3.33E+37 1.14E+43 4.39E+39 1.42E+19 9.60E+18 9.82E+40 6.95E+18 8.64E+40 4.51E+18 1.16E+19 1.45E+18 7.85E+18 3.54E+18 3.23E+19 0.00E+00 0.00E+00 0.00E+00 0.00E+00 0.00E+00 0.00E+00 0.00E+00 0.00E+00 0.00E+00 0.00E+00 0.00E+00 0.00E+00 0.00E+00 0.00E+00 0.00E+00 0.00E+00 0.00E+00 0.00E+00 0.00E+00
 200.00  3.333  3.03E+47 5.95E+46 1.97E+48 3.56E+23 3.52E+23 1.07E+24 1.08E+24 2.86E+24 3.71E+24 6.29E+23 8.85E+22 4.43E+23 3.73E+22 6.82E+21 6.80E+42 1.34E+20 8.46E+19 6.57E+37 2.51E+44 5.83E+46 1.30E+39 9.29E+44 2.34E+41 2.82E+19 1.91E+19 6.56E+42 1.39E+19 5.99E+42 9.00E+18 2.31E+19 2.88E+18 1.57E+19 7.07E+18 6.46E+19 0.00E+00 0.00E+00 0.00E+00 0.00E+00 0.00E+00 0.00E+00 0.00E+00 0.00E+00 0.00E+00 0.00E+00 0.00E+00 0.00E+00 0.00E+00 0.00E+00 0.00E+00 0.00E+00 0.00E+00 0.00E+00 0.00E+00
 
                    *********************************************************************************
                    *  Z= 79 A=198: Negative-parity Spin-dependent Level Density [MeV-1] for AU198  *
                    *********************************************************************************
 U[MeV]  T[MeV]  NCUMUL   RHOOBS   RHOTOT     J=00     J=01     J=02     J=03     J=04     J=05     J=06     J=07     J=08     J=09     J=10     J=11     J=12     J=13     J=14     J=15     J=16     J=17     J=18     J=19     J=20     J=21     J=22     J=23     J=24     J=25     J=26     J=27     J=28     J=29     J=30     J=31     J=32     J=33     J=34     J=35     J=36     J=37     J=38     J=39     J=40     J=41     J=42     J=43     J=44     J=45     J=46     J=47     J=48     J=49
   0.25  0.118  4.00E+00 3.09E+01 2.14E+02 5.41E+00 6.16E+00 3.24E+00 5.74E+00 1.88E+00 3.45E+00 1.25E+00 1.88E+00 9.41E-01 9.41E-01 0.00E+00 0.00E+00 0.00E+00 0.00E+00 0.00E+00 0.00E+00 0.00E+00 0.00E+00 0.00E+00 0.00E+00 0.00E+00 0.00E+00 0.00E+00 0.00E+00 0.00E+00 0.00E+00 0.00E+00 0.00E+00 0.00E+00 0.00E+00 0.00E+00 0.00E+00 0.00E+00 0.00E+00 0.00E+00 0.00E+00 0.00E+00 0.00E+00 0.00E+00 0.00E+00 0.00E+00 0.00E+00 0.00E+00 0.00E+00 0.00E+00 0.00E+00 0.00E+00 0.00E+00 0.00E+00 0.00E+00
   0.50  0.167  1.30E+01 3.61E+01 3.27E+02 4.06E+00 5.84E+00 3.24E+00 5.43E+00 2.20E+00 4.08E+00 2.20E+00 3.76E+00 1.88E+00 1.88E+00 9.41E-01 6.27E-01 0.00E+00 0.00E+00 0.00E+00 0.00E+00 0.00E+00 0.00E+00 0.00E+00 0.00E+00 0.00E+00 0.00E+00 0.00E+00 0.00E+00 0.00E+00 0.00E+00 0.00E+00 0.00E+00 0.00E+00 0.00E+00 0.00E+00 0.00E+00 0.00E+00 0.00E+00 0.00E+00 0.00E+00 0.00E+00 0.00E+00 0.00E+00 0.00E+00 0.00E+00 0.00E+00 0.00E+00 0.00E+00 0.00E+00 0.00E+00 0.00E+00 0.00E+00 0.00E+00 0.00E+00
   0.75  0.204  2.30E+01 4.90E+01 5.42E+02 2.71E+00 6.88E+00 5.22E+00 5.56E+00 4.49E+00 4.71E+00 2.51E+00 4.08E+00 2.20E+00 4.08E+00 2.20E+00 2.51E+00 9.41E-01 9.41E-01 0.00E+00 0.00E+00 0.00E+00 0.00E+00 0.00E+00 0.00E+00 0.00E+00 0.00E+00 0.00E+00 0.00E+00 0.00E+00 0.00E+00 0.00E+00 0.00E+00 0.00E+00 0.00E+00 0.00E+00 0.00E+00 0.00E+00 0.00E+00 0.00E+00 0.00E+00 0.00E+00 0.00E+00 0.00E+00 0.00E+00 0.00E+00 0.00E+00 0.00E+00 0.00E+00 0.00E+00 0.00E+00 0.00E+00 0.00E+00 0.00E+00 0.00E+00
   1.00  0.236  3.70E+01 5.63E+01 7.04E+02 1.45E+00 5.22E+00 8.86E+00 5.88E+00 4.80E+00 3.45E+00 3.14E+00 5.02E+00 2.82E+00 4.39E+00 2.20E+00 4.39E+00 1.88E+00 1.88E+00 6.27E-01 3.14E-01 0.00E+00 0.00E+00 0.00E+00 0.00E+00 0.00E+00 0.00E+00 0.00E+00 0.00E+00 0.00E+00 0.00E+00 0.00E+00 0.00E+00 0.00E+00 0.00E+00 0.00E+00 0.00E+00 0.00E+00 0.00E+00 0.00E+00 0.00E+00 0.00E+00 0.00E+00 0.00E+00 0.00E+00 0.00E+00 0.00E+00 0.00E+00 0.00E+00 0.00E+00 0.00E+00 0.00E+00 0.00E+00 0.00E+00 0.00E+00
   1.25  0.264  5.70E+01 1.05E+02 1.20E+03 6.87E+00 8.36E+00 1.35E+01 1.89E+01 9.92E+00 8.47E+00 6.27E+00 6.59E+00 4.08E+00 3.45E+00 3.14E+00 4.39E+00 2.20E+00 4.08E+00 1.88E+00 1.88E+00 6.27E-01 0.00E+00 0.00E+00 0.00E+00 0.00E+00 0.00E+00 0.00E+00 0.00E+00 0.00E+00 0.00E+00 0.00E+00 0.00E+00 0.00E+00 0.00E+00 0.00E+00 0.00E+00 0.00E+00 0.00E+00 0.00E+00 0.00E+00 0.00E+00 0.00E+00 0.00E+00 0.00E+00 0.00E+00 0.00E+00 0.00E+00 0.00E+00 0.00E+00 0.00E+00 0.00E+00 0.00E+00 0.00E+00 0.00E+00
   1.50  0.289  8.90E+01 1.56E+02 1.75E+03 1.36E+01 1.47E+01 1.87E+01 2.38E+01 1.44E+01 1.48E+01 7.84E+00 9.72E+00 6.27E+00 7.53E+00 4.08E+00 4.39E+00 2.82E+00 4.39E+00 2.20E+00 4.39E+00 9.41E-01 9.41E-01 0.00E+00 0.00E+00 0.00E+00 0.00E+00 0.00E+00 0.00E+00 0.00E+00 0.00E+00 0.00E+00 0.00E+00 0.00E+00 0.00E+00 0.00E+00 0.00E+00 0.00E+00 0.00E+00 0.00E+00 0.00E+00 0.00E+00 0.00E+00 0.00E+00 0.00E+00 0.00E+00 0.00E+00 0.00E+00 0.00E+00 0.00E+00 0.00E+00 0.00E+00 0.00E+00 0.00E+00 0.00E+00
   1.75  0.312  1.54E+02 3.65E+02 3.77E+03 1.76E+01 4.53E+01 4.77E+01 5.96E+01 4.61E+01 4.34E+01 1.82E+01 2.32E+01 1.16E+01 1.35E+01 7.84E+00 8.16E+00 5.33E+00 3.45E+00 2.82E+00 4.08E+00 2.20E+00 3.45E+00 9.41E-01 3.14E-01 0.00E+00 0.00E+00 0.00E+00 0.00E+00 0.00E+00 0.00E+00 0.00E+00 0.00E+00 0.00E+00 0.00E+00 0.00E+00 0.00E+00 0.00E+00 0.00E+00 0.00E+00 0.00E+00 0.00E+00 0.00E+00 0.00E+00 0.00E+00 0.00E+00 0.00E+00 0.00E+00 0.00E+00 0.00E+00 0.00E+00 0.00E+00 0.00E+00 0.00E+00 0.00E+00
   2.00  0.333  2.81E+02 6.48E+02 6.71E+03 2.71E+01 6.89E+01 8.10E+01 1.14E+02 7.27E+01 8.72E+01 4.44E+01 4.89E+01 2.26E+01 2.73E+01 1.16E+01 1.07E+01 6.59E+00 7.53E+00 2.82E+00 4.39E+00 2.51E+00 4.08E+00 1.88E+00 1.88E+00 0.00E+00 0.00E+00 0.00E+00 0.00E+00 0.00E+00 0.00E+00 0.00E+00 0.00E+00 0.00E+00 0.00E+00 0.00E+00 0.00E+00 0.00E+00 0.00E+00 0.00E+00 0.00E+00 0.00E+00 0.00E+00 0.00E+00 0.00E+00 0.00E+00 0.00E+00 0.00E+00 0.00E+00 0.00E+00 0.00E+00 0.00E+00 0.00E+00 0.00E+00 0.00E+00
   2.25  0.354  5.18E+02 1.25E+03 1.44E+04 3.65E+01 1.07E+02 1.20E+02 1.85E+02 1.39E+02 1.67E+02 1.08E+02 1.19E+02 7.03E+01 7.56E+01 3.67E+01 2.98E+01 1.51E+01 1.35E+01 6.59E+00 7.53E+00 2.82E+00 4.71E+00 2.20E+00 4.39E+00 9.41E-01 9.41E-01 0.00E+00 0.00E+00 0.00E+00 0.00E+00 0.00E+00 0.00E+00 0.00E+00 0.00E+00 0.00E+00 0.00E+00 0.00E+00 0.00E+00 0.00E+00 0.00E+00 0.00E+00 0.00E+00 0.00E+00 0.00E+00 0.00E+00 0.00E+00 0.00E+00 0.00E+00 0.00E+00 0.00E+00 0.00E+00 0.00E+00 0.00E+00 0.00E+00
   2.50  0.373  8.95E+02 1.76E+03 2.17E+04 3.27E+01 1.32E+02 1.55E+02 2.27E+02 1.83E+02 2.32E+02 1.59E+02 1.77E+02 1.09E+02 1.26E+02 7.03E+01 6.27E+01 2.64E+01 2.73E+01 9.72E+00 1.07E+01 5.96E+00 3.45E+00 2.82E+00 4.08E+00 2.20E+00 1.88E+00 3.14E-01 0.00E+00 0.00E+00 0.00E+00 0.00E+00 0.00E+00 0.00E+00 0.00E+00 0.00E+00 0.00E+00 0.00E+00 0.00E+00 0.00E+00 0.00E+00 0.00E+00 0.00E+00 0.00E+00 0.00E+00 0.00E+00 0.00E+00 0.00E+00 0.00E+00 0.00E+00 0.00E+00 0.00E+00 0.00E+00 0.00E+00 0.00E+00
   2.75  0.391  1.48E+03 2.95E+03 3.88E+04 3.94E+01 2.02E+02 2.35E+02 3.52E+02 2.81E+02 3.80E+02 2.62E+02 2.87E+02 1.93E+02 2.14E+02 1.31E+02 1.36E+02 7.53E+01 7.56E+01 2.73E+01 2.70E+01 9.10E+00 8.47E+00 5.33E+00 4.39E+00 2.51E+00 4.08E+00 1.57E+00 9.41E-01 0.00E+00 0.00E+00 0.00E+00 0.00E+00 0.00E+00 0.00E+00 0.00E+00 0.00E+00 0.00E+00 0.00E+00 0.00E+00 0.00E+00 0.00E+00 0.00E+00 0.00E+00 0.00E+00 0.00E+00 0.00E+00 0.00E+00 0.00E+00 0.00E+00 0.00E+00 0.00E+00 0.00E+00 0.00E+00 0.00E+00
   3.00  0.408  2.38E+03 4.19E+03 5.66E+04 4.60E+01 2.59E+02 3.03E+02 5.11E+02 4.05E+02 5.27E+02 3.78E+02 4.16E+02 2.73E+02 2.84E+02 1.84E+02 1.94E+02 1.17E+02 1.26E+02 5.74E+01 5.40E+01 1.73E+01 1.41E+01 6.59E+00 5.96E+00 3.14E+00 4.39E+00 2.20E+00 1.88E+00 0.00E+00 0.00E+00 0.00E+00 0.00E+00 0.00E+00 0.00E+00 0.00E+00 0.00E+00 0.00E+00 0.00E+00 0.00E+00 0.00E+00 0.00E+00 0.00E+00 0.00E+00 0.00E+00 0.00E+00 0.00E+00 0.00E+00 0.00E+00 0.00E+00 0.00E+00 0.00E+00 0.00E+00 0.00E+00 0.00E+00
   3.25  0.425  3.83E+03 7.47E+03 1.02E+05 5.51E+01 4.70E+02 5.13E+02 8.71E+02 7.54E+02 9.27E+02 6.86E+02 7.58E+02 5.12E+02 5.02E+02 3.15E+02 3.13E+02 2.00E+02 2.14E+02 1.20E+02 1.23E+02 5.24E+01 3.92E+01 1.51E+01 1.04E+01 5.96E+00 3.45E+00 2.51E+00 4.08E+00 1.25E+00 9.41E-01 0.00E+00 0.00E+00 0.00E+00 0.00E+00 0.00E+00 0.00E+00 0.00E+00 0.00E+00 0.00E+00 0.00E+00 0.00E+00 0.00E+00 0.00E+00 0.00E+00 0.00E+00 0.00E+00 0.00E+00 0.00E+00 0.00E+00 0.00E+00 0.00E+00 0.00E+00 0.00E+00 0.00E+00
   3.50  0.441  6.13E+03 1.09E+04 1.51E+05 6.59E+01 7.02E+02 7.11E+02 1.26E+03 1.12E+03 1.32E+03 1.03E+03 1.10E+03 7.68E+02 7.73E+02 4.75E+02 4.45E+02 2.79E+02 2.84E+02 1.72E+02 1.78E+02 9.13E+01 7.94E+01 2.64E+01 2.13E+01 7.84E+00 7.53E+00 3.14E+00 4.39E+00 2.20E+00 1.88E+00 0.00E+00 0.00E+00 0.00E+00 0.00E+00 0.00E+00 0.00E+00 0.00E+00 0.00E+00 0.00E+00 0.00E+00 0.00E+00 0.00E+00 0.00E+00 0.00E+00 0.00E+00 0.00E+00 0.00E+00 0.00E+00 0.00E+00 0.00E+00 0.00E+00 0.00E+00 0.00E+00 0.00E+00
   3.75  0.456  9.93E+03 1.95E+04 2.70E+05 1.14E+02 1.29E+03 1.31E+03 2.27E+03 1.91E+03 2.32E+03 1.77E+03 1.91E+03 1.41E+03 1.37E+03 8.84E+02 8.26E+02 5.19E+02 4.97E+02 2.84E+02 2.79E+02 1.63E+02 1.58E+02 7.53E+01 5.74E+01 1.73E+01 1.35E+01 6.59E+00 3.45E+00 2.51E+00 4.08E+00 9.41E-01 3.14E-01 0.00E+00 0.00E+00 0.00E+00 0.00E+00 0.00E+00 0.00E+00 0.00E+00 0.00E+00 0.00E+00 0.00E+00 0.00E+00 0.00E+00 0.00E+00 0.00E+00 0.00E+00 0.00E+00 0.00E+00 0.00E+00 0.00E+00 0.00E+00 0.00E+00 0.00E+00
   4.00  0.471  1.60E+04 2.91E+04 4.04E+05 1.39E+02 1.90E+03 1.94E+03 3.38E+03 2.89E+03 3.56E+03 2.66E+03 2.88E+03 2.04E+03 2.06E+03 1.33E+03 1.21E+03 7.78E+02 7.53E+02 4.35E+02 4.00E+02 2.22E+02 2.21E+02 1.17E+02 1.05E+02 3.73E+01 2.73E+01 7.84E+00 7.53E+00 3.14E+00 4.08E+00 2.20E+00 1.88E+00 0.00E+00 0.00E+00 0.00E+00 0.00E+00 0.00E+00 0.00E+00 0.00E+00 0.00E+00 0.00E+00 0.00E+00 0.00E+00 0.00E+00 0.00E+00 0.00E+00 0.00E+00 0.00E+00 0.00E+00 0.00E+00 0.00E+00 0.00E+00 0.00E+00 0.00E+00
   4.25  0.486  2.61E+04 5.14E+04 7.24E+05 2.64E+02 3.18E+03 3.25E+03 5.78E+03 4.94E+03 6.11E+03 4.72E+03 5.16E+03 3.82E+03 3.88E+03 2.46E+03 2.19E+03 1.40E+03 1.34E+03 7.92E+02 7.37E+02 4.00E+02 3.53E+02 2.00E+02 1.86E+02 9.13E+01 7.56E+01 1.98E+01 1.35E+01 6.27E+00 3.45E+00 2.51E+00 4.39E+00 9.41E-01 0.00E+00 0.00E+00 0.00E+00 0.00E+00 0.00E+00 0.00E+00 0.00E+00 0.00E+00 0.00E+00 0.00E+00 0.00E+00 0.00E+00 0.00E+00 0.00E+00 0.00E+00 0.00E+00 0.00E+00 0.00E+00 0.00E+00 0.00E+00 0.00E+00
   4.50  0.500  4.17E+04 7.33E+04 1.05E+06 3.61E+02 4.28E+03 4.34E+03 7.71E+03 6.87E+03 8.75E+03 6.90E+03 7.56E+03 5.45E+03 5.62E+03 3.75E+03 3.38E+03 2.08E+03 1.98E+03 1.19E+03 1.08E+03 6.14E+02 5.24E+02 2.79E+02 2.55E+02 1.36E+02 1.26E+02 4.55E+01 2.73E+01 7.84E+00 7.53E+00 3.14E+00 4.08E+00 1.88E+00 9.41E-01 0.00E+00 0.00E+00 0.00E+00 0.00E+00 0.00E+00 0.00E+00 0.00E+00 0.00E+00 0.00E+00 0.00E+00 0.00E+00 0.00E+00 0.00E+00 0.00E+00 0.00E+00 0.00E+00 0.00E+00 0.00E+00 0.00E+00 0.00E+00
   4.75  0.514  6.62E+04 1.23E+05 1.81E+06 4.68E+02 6.84E+03 7.05E+03 1.27E+04 1.11E+04 1.42E+04 1.14E+04 1.23E+04 9.37E+03 9.74E+03 6.72E+03 6.06E+03 3.93E+03 3.70E+03 2.16E+03 1.94E+03 1.11E+03 9.46E+02 5.20E+02 4.23E+02 2.22E+02 2.14E+02 1.01E+02 7.56E+01 1.82E+01 1.29E+01 5.96E+00 4.39E+00 2.20E+00 3.45E+00 6.27E-01 0.00E+00 0.00E+00 0.00E+00 0.00E+00 0.00E+00 0.00E+00 0.00E+00 0.00E+00 0.00E+00 0.00E+00 0.00E+00 0.00E+00 0.00E+00 0.00E+00 0.00E+00 0.00E+00 0.00E+00 0.00E+00 0.00E+00
   5.00  0.527  1.03E+05 1.73E+05 2.59E+06 4.61E+02 9.26E+03 9.57E+03 1.72E+04 1.53E+04 1.97E+04 1.62E+04 1.78E+04 1.31E+04 1.35E+04 9.42E+03 8.89E+03 5.79E+03 5.41E+03 3.32E+03 2.94E+03 1.64E+03 1.40E+03 7.78E+02 6.38E+02 3.26E+02 2.84E+02 1.46E+02 1.26E+02 4.17E+01 2.70E+01 7.84E+00 4.71E+00 2.82E+00 4.08E+00 9.41E-01 0.00E+00 0.00E+00 0.00E+00 0.00E+00 0.00E+00 0.00E+00 0.00E+00 0.00E+00 0.00E+00 0.00E+00 0.00E+00 0.00E+00 0.00E+00 0.00E+00 0.00E+00 0.00E+00 0.00E+00 0.00E+00 0.00E+00
   5.50  0.553  2.49E+05 4.07E+05 6.23E+06 8.52E+02 2.09E+04 2.15E+04 3.89E+04 3.50E+04 4.49E+04 3.73E+04 4.15E+04 3.16E+04 3.21E+04 2.28E+04 2.14E+04 1.43E+04 1.32E+04 8.50E+03 7.84E+03 4.53E+03 3.89E+03 2.09E+03 1.70E+03 9.09E+02 7.53E+02 3.59E+02 2.84E+02 1.41E+02 1.23E+02 3.73E+01 1.91E+01 6.59E+00 3.45E+00 2.20E+00 0.00E+00 0.00E+00 0.00E+00 0.00E+00 0.00E+00 0.00E+00 0.00E+00 0.00E+00 0.00E+00 0.00E+00 0.00E+00 0.00E+00 0.00E+00 0.00E+00 0.00E+00 0.00E+00 0.00E+00 0.00E+00 0.00E+00
   6.00  0.577  5.88E+05 9.52E+05 1.48E+07 2.27E+03 4.75E+04 4.86E+04 8.87E+04 7.97E+04 1.03E+05 8.57E+04 9.59E+04 7.39E+04 7.57E+04 5.48E+04 5.10E+04 3.51E+04 3.20E+04 2.08E+04 1.87E+04 1.11E+04 9.85E+03 5.76E+03 4.70E+03 2.50E+03 1.98E+03 1.01E+03 7.53E+02 3.46E+02 2.79E+02 1.34E+02 1.01E+02 2.51E+01 1.35E+01 5.96E+00 0.00E+00 0.00E+00 0.00E+00 0.00E+00 0.00E+00 0.00E+00 0.00E+00 0.00E+00 0.00E+00 0.00E+00 0.00E+00 0.00E+00 0.00E+00 0.00E+00 0.00E+00 0.00E+00 0.00E+00 0.00E+00 0.00E+00
   6.50  0.601  1.38E+06 2.21E+06 3.49E+07 4.97E+03 1.06E+05 1.08E+05 1.99E+05 1.80E+05 2.35E+05 1.98E+05 2.22E+05 1.74E+05 1.80E+05 1.31E+05 1.22E+05 8.42E+04 7.64E+04 5.08E+04 4.50E+04 2.74E+04 2.35E+04 1.42E+04 1.16E+04 6.71E+03 5.41E+03 2.80E+03 1.98E+03 9.78E+02 7.37E+02 3.21E+02 2.48E+02 1.13E+02 7.56E+01 1.69E+01 0.00E+00 0.00E+00 0.00E+00 0.00E+00 0.00E+00 0.00E+00 0.00E+00 0.00E+00 0.00E+00 0.00E+00 0.00E+00 0.00E+00 0.00E+00 0.00E+00 0.00E+00 0.00E+00 0.00E+00 0.00E+00 0.00E+00
   7.00  0.624  3.19E+06 5.02E+06 8.07E+07 8.43E+03 2.28E+05 2.35E+05 4.33E+05 3.96E+05 5.20E+05 4.43E+05 4.99E+05 3.94E+05 4.14E+05 3.06E+05 2.87E+05 2.02E+05 1.85E+05 1.23E+05 1.08E+05 6.61E+04 5.66E+04 3.45E+04 2.80E+04 1.63E+04 1.31E+04 7.37E+03 5.41E+03 2.69E+03 1.94E+03 8.98E+02 6.13E+02 2.69E+02 2.14E+02 8.69E+01 0.00E+00 0.00E+00 0.00E+00 0.00E+00 0.00E+00 0.00E+00 0.00E+00 0.00E+00 0.00E+00 0.00E+00 0.00E+00 0.00E+00 0.00E+00 0.00E+00 0.00E+00 0.00E+00 0.00E+00 0.00E+00 0.00E+00
   7.50  0.645  7.25E+06 1.12E+07 1.84E+08 1.85E+04 4.92E+05 5.05E+05 9.38E+05 8.59E+05 1.13E+06 9.76E+05 1.11E+06 8.85E+05 9.31E+05 6.99E+05 6.60E+05 4.70E+05 4.32E+05 2.93E+05 2.57E+05 1.62E+05 1.36E+05 8.34E+04 6.70E+04 3.95E+04 3.17E+04 1.78E+04 1.31E+04 7.17E+03 5.29E+03 2.47E+03 1.64E+03 7.49E+02 4.97E+02 2.13E+02 0.00E+00 0.00E+00 0.00E+00 0.00E+00 0.00E+00 0.00E+00 0.00E+00 0.00E+00 0.00E+00 0.00E+00 0.00E+00 0.00E+00 0.00E+00 0.00E+00 0.00E+00 0.00E+00 0.00E+00 0.00E+00 0.00E+00
   8.00  0.667  1.62E+07 2.47E+07 4.11E+08 3.66E+04 1.03E+06 1.06E+06 1.97E+06 1.82E+06 2.44E+06 2.11E+06 2.41E+06 1.95E+06 2.07E+06 1.57E+06 1.49E+06 1.08E+06 9.88E+05 6.83E+05 5.97E+05 3.81E+05 3.22E+05 2.01E+05 1.62E+05 9.55E+04 7.54E+04 4.34E+04 3.17E+04 1.74E+04 1.28E+04 6.64E+03 4.56E+03 2.00E+03 1.34E+03 5.84E+02 0.00E+00 0.00E+00 0.00E+00 0.00E+00 0.00E+00 0.00E+00 0.00E+00 0.00E+00 0.00E+00 0.00E+00 0.00E+00 0.00E+00 0.00E+00 0.00E+00 0.00E+00 0.00E+00 0.00E+00 0.00E+00 0.00E+00
   8.50  0.687  3.59E+07 5.42E+07 9.16E+08 7.39E+04 2.21E+06 2.27E+06 4.23E+06 3.92E+06 5.27E+06 4.58E+06 5.27E+06 4.29E+06 4.56E+06 3.45E+06 3.31E+06 2.43E+06 2.23E+06 1.57E+06 1.37E+06 8.85E+05 7.47E+05 4.72E+05 3.80E+05 2.28E+05 1.83E+05 1.05E+05 7.56E+04 4.24E+04 3.11E+04 1.61E+04 1.13E+04 5.48E+03 3.71E+03 1.55E+03 0.00E+00 0.00E+00 0.00E+00 0.00E+00 0.00E+00 0.00E+00 0.00E+00 0.00E+00 0.00E+00 0.00E+00 0.00E+00 0.00E+00 0.00E+00 0.00E+00 0.00E+00 0.00E+00 0.00E+00 0.00E+00 0.00E+00
   9.00  0.707  7.90E+07 1.18E+08 2.02E+09 1.44E+05 4.68E+06 4.79E+06 8.97E+06 8.35E+06 1.13E+07 9.86E+06 1.14E+07 9.33E+06 1.00E+07 7.63E+06 7.35E+06 5.44E+06 5.01E+06 3.54E+06 3.09E+06 2.03E+06 1.71E+06 1.10E+06 8.79E+05 5.35E+05 4.27E+05 2.50E+05 1.83E+05 1.02E+05 7.41E+04 3.91E+04 2.71E+04 1.35E+04 9.45E+03 4.27E+03 0.00E+00 0.00E+00 0.00E+00 0.00E+00 0.00E+00 0.00E+00 0.00E+00 0.00E+00 0.00E+00 0.00E+00 0.00E+00 0.00E+00 0.00E+00 0.00E+00 0.00E+00 0.00E+00 0.00E+00 0.00E+00 0.00E+00
   9.50  0.726  1.72E+08 2.55E+08 4.42E+09 2.97E+05 9.80E+06 1.00E+07 1.89E+07 1.76E+07 2.38E+07 2.10E+07 2.43E+07 2.01E+07 2.16E+07 1.66E+07 1.61E+07 1.20E+07 1.12E+07 7.95E+06 6.94E+06 4.61E+06 3.86E+06 2.51E+06 2.01E+06 1.24E+06 9.83E+05 5.85E+05 4.29E+05 2.45E+05 1.80E+05 9.43E+04 6.50E+04 3.29E+04 2.25E+04 1.05E+04 0.00E+00 0.00E+00 0.00E+00 0.00E+00 0.00E+00 0.00E+00 0.00E+00 0.00E+00 0.00E+00 0.00E+00 0.00E+00 0.00E+00 0.00E+00 0.00E+00 0.00E+00 0.00E+00 0.00E+00 0.00E+00 0.00E+00
  10.00  0.745  3.72E+08 5.45E+08 9.57E+09 5.97E+05 2.04E+07 2.09E+07 3.94E+07 3.69E+07 5.00E+07 4.42E+07 5.14E+07 4.28E+07 4.61E+07 3.58E+07 3.48E+07 2.63E+07 2.45E+07 1.76E+07 1.54E+07 1.04E+07 8.68E+06 5.71E+06 4.52E+06 2.82E+06 2.24E+06 1.35E+06 9.87E+05 5.74E+05 4.21E+05 2.26E+05 1.56E+05 7.93E+04 5.40E+04 2.59E+04 0.00E+00 0.00E+00 0.00E+00 0.00E+00 0.00E+00 0.00E+00 0.00E+00 0.00E+00 0.00E+00 0.00E+00 0.00E+00 0.00E+00 0.00E+00 0.00E+00 0.00E+00 0.00E+00 0.00E+00 0.00E+00 0.00E+00
  11.00  0.782  1.86E+09 2.44E+09 4.38E+10 2.32E+06 8.72E+07 8.90E+07 1.69E+08 1.58E+08 2.16E+08 1.93E+08 2.25E+08 1.90E+08 2.06E+08 1.62E+08 1.59E+08 1.22E+08 1.14E+08 8.39E+07 7.35E+07 5.06E+07 4.25E+07 2.86E+07 2.27E+07 1.44E+07 1.14E+07 6.97E+06 5.09E+06 3.01E+06 2.21E+06 1.22E+06 8.48E+05 4.47E+05 3.07E+05 1.53E+05 0.00E+00 0.00E+00 0.00E+00 0.00E+00 0.00E+00 0.00E+00 0.00E+00 0.00E+00 0.00E+00 0.00E+00 0.00E+00 0.00E+00 0.00E+00 0.00E+00 0.00E+00 0.00E+00 0.00E+00 0.00E+00 0.00E+00
  12.00  0.816  8.38E+09 1.06E+10 1.94E+11 8.93E+06 3.62E+08 3.70E+08 7.03E+08 6.63E+08 9.08E+08 8.16E+08 9.58E+08 8.15E+08 8.89E+08 7.10E+08 7.01E+08 5.47E+08 5.12E+08 3.85E+08 3.38E+08 2.38E+08 2.00E+08 1.37E+08 1.09E+08 7.06E+07 5.58E+07 3.48E+07 2.55E+07 1.54E+07 1.13E+07 6.30E+06 4.34E+06 2.36E+06 1.62E+06 8.35E+05 0.00E+00 0.00E+00 0.00E+00 0.00E+00 0.00E+00 0.00E+00 0.00E+00 0.00E+00 0.00E+00 0.00E+00 0.00E+00 0.00E+00 0.00E+00 0.00E+00 0.00E+00 0.00E+00 0.00E+00 0.00E+00 0.00E+00
  13.00  0.850  3.63E+10 4.52E+10 8.42E+11 3.47E+07 1.51E+09 1.54E+09 2.94E+09 2.76E+09 3.76E+09 3.40E+09 3.99E+09 3.42E+09 3.75E+09 3.06E+09 3.02E+09 2.38E+09 2.24E+09 1.71E+09 1.51E+09 1.08E+09 9.15E+08 6.38E+08 5.07E+08 3.32E+08 2.61E+08 1.65E+08 1.21E+08 7.42E+07 5.46E+07 3.12E+07 2.16E+07 1.20E+07 8.24E+06 4.35E+06 0.00E+00 0.00E+00 0.00E+00 0.00E+00 0.00E+00 0.00E+00 0.00E+00 0.00E+00 0.00E+00 0.00E+00 0.00E+00 0.00E+00 0.00E+00 0.00E+00 0.00E+00 0.00E+00 0.00E+00 0.00E+00 0.00E+00
  14.00  0.882  1.51E+11 1.84E+11 3.44E+12 1.29E+08 6.01E+09 6.12E+09 1.17E+10 1.11E+10 1.51E+10 1.37E+10 1.62E+10 1.40E+10 1.53E+10 1.27E+10 1.26E+10 1.00E+10 9.34E+09 7.08E+09 6.20E+09 4.35E+09 3.63E+09 2.51E+09 2.01E+09 1.33E+09 1.06E+09 6.74E+08 5.06E+08 3.12E+08 2.34E+08 1.36E+08 9.55E+07 5.39E+07 3.76E+07 2.05E+07 0.00E+00 0.00E+00 0.00E+00 0.00E+00 0.00E+00 0.00E+00 0.00E+00 0.00E+00 0.00E+00 0.00E+00 0.00E+00 0.00E+00 0.00E+00 0.00E+00 0.00E+00 0.00E+00 0.00E+00 0.00E+00 0.00E+00
  15.00  0.913  4.22E+11 3.57E+11 6.19E+12 2.80E+08 1.36E+10 1.39E+10 2.66E+10 2.55E+10 3.56E+10 2.95E+10 3.35E+10 2.95E+10 3.07E+10 2.26E+10 1.98E+10 1.53E+10 1.55E+10 9.37E+09 9.98E+09 6.55E+09 5.55E+09 3.68E+09 3.14E+09 2.06E+09 1.81E+09 9.72E+08 8.75E+08 4.50E+08 4.11E+08 2.29E+08 1.67E+08 9.16E+07 7.02E+07 3.88E+07 0.00E+00 0.00E+00 0.00E+00 0.00E+00 0.00E+00 0.00E+00 0.00E+00 0.00E+00 0.00E+00 0.00E+00 0.00E+00 0.00E+00 0.00E+00 0.00E+00 0.00E+00 0.00E+00 0.00E+00 0.00E+00 0.00E+00
  16.00  0.943  9.56E+11 7.12E+11 1.15E+13 6.06E+08 3.10E+10 3.15E+10 6.05E+10 5.87E+10 8.40E+10 6.35E+10 6.93E+10 6.23E+10 6.16E+10 4.04E+10 3.11E+10 2.32E+10 2.56E+10 1.24E+10 1.61E+10 9.88E+09 8.48E+09 5.41E+09 4.92E+09 3.19E+09 3.09E+09 1.40E+09 1.51E+09 6.49E+08 7.22E+08 3.86E+08 2.91E+08 1.56E+08 1.31E+08 7.34E+07 0.00E+00 0.00E+00 0.00E+00 0.00E+00 0.00E+00 0.00E+00 0.00E+00 0.00E+00 0.00E+00 0.00E+00 0.00E+00 0.00E+00 0.00E+00 0.00E+00 0.00E+00 0.00E+00 0.00E+00 0.00E+00 0.00E+00
  17.00  0.972  2.04E+12 1.45E+12 2.18E+13 1.31E+09 7.03E+10 7.14E+10 1.38E+11 1.35E+11 1.98E+11 1.37E+11 1.44E+11 1.32E+11 1.24E+11 7.23E+10 4.90E+10 3.54E+10 4.25E+10 1.64E+10 2.58E+10 1.49E+10 1.30E+10 7.95E+09 7.70E+09 4.95E+09 5.26E+09 2.02E+09 2.62E+09 9.37E+08 1.27E+09 6.52E+08 5.07E+08 2.64E+08 2.45E+08 1.39E+08 0.00E+00 0.00E+00 0.00E+00 0.00E+00 0.00E+00 0.00E+00 0.00E+00 0.00E+00 0.00E+00 0.00E+00 0.00E+00 0.00E+00 0.00E+00 0.00E+00 0.00E+00 0.00E+00 0.00E+00 0.00E+00 0.00E+00
  18.00  1.000  4.28E+12 3.02E+12 4.25E+13 2.84E+09 1.60E+11 1.62E+11 3.13E+11 3.11E+11 4.67E+11 2.94E+11 2.97E+11 2.78E+11 2.48E+11 1.29E+11 7.71E+10 5.39E+10 7.03E+10 2.17E+10 4.15E+10 2.25E+10 1.98E+10 1.17E+10 1.21E+10 7.66E+09 8.95E+09 2.92E+09 4.53E+09 1.35E+09 2.23E+09 1.10E+09 8.84E+08 4.49E+08 4.58E+08 2.63E+08 0.00E+00 0.00E+00 0.00E+00 0.00E+00 0.00E+00 0.00E+00 0.00E+00 0.00E+00 0.00E+00 0.00E+00 0.00E+00 0.00E+00 0.00E+00 0.00E+00 0.00E+00 0.00E+00 0.00E+00 0.00E+00 0.00E+00
  19.00  1.027  8.99E+12 6.40E+12 8.50E+13 6.16E+09 3.62E+11 3.68E+11 7.11E+11 7.18E+11 1.10E+12 6.33E+11 6.16E+11 5.87E+11 4.98E+11 2.31E+11 1.21E+11 8.20E+10 1.17E+11 2.88E+10 6.68E+10 3.39E+10 3.02E+10 1.72E+10 1.89E+10 1.19E+10 1.52E+10 4.21E+09 7.84E+09 1.95E+09 3.91E+09 1.86E+09 1.54E+09 7.63E+08 8.56E+08 4.98E+08 0.00E+00 0.00E+00 0.00E+00 0.00E+00 0.00E+00 0.00E+00 0.00E+00 0.00E+00 0.00E+00 0.00E+00 0.00E+00 0.00E+00 0.00E+00 0.00E+00 0.00E+00 0.00E+00 0.00E+00 0.00E+00 0.00E+00
  20.00  1.054  1.90E+13 1.37E+13 1.73E+14 1.33E+10 8.22E+11 8.34E+11 1.62E+12 1.65E+12 2.60E+12 1.36E+12 1.28E+12 1.24E+12 1.00E+12 4.13E+11 1.91E+11 1.25E+11 1.93E+11 3.81E+10 1.07E+11 5.10E+10 4.62E+10 2.52E+10 2.95E+10 1.84E+10 2.59E+10 6.07E+09 1.36E+10 2.81E+09 6.87E+09 3.13E+09 2.69E+09 1.30E+09 1.60E+09 9.44E+08 0.00E+00 0.00E+00 0.00E+00 0.00E+00 0.00E+00 0.00E+00 0.00E+00 0.00E+00 0.00E+00 0.00E+00 0.00E+00 0.00E+00 0.00E+00 0.00E+00 0.00E+00 0.00E+00 0.00E+00 0.00E+00 0.00E+00
  22.50  1.118  1.57E+14 9.65E+13 1.11E+15 9.20E+10 6.38E+12 6.46E+12 1.26E+13 1.33E+13 2.22E+13 9.25E+12 7.88E+12 8.04E+12 5.71E+12 1.76E+12 5.94E+11 3.58E+11 6.82E+11 7.69E+10 3.53E+11 1.42E+11 1.33E+11 6.60E+10 9.06E+10 5.49E+10 9.81E+10 1.52E+10 5.35E+10 7.02E+09 2.81E+10 1.16E+10 1.08E+10 4.88E+09 7.63E+09 4.65E+09 0.00E+00 0.00E+00 0.00E+00 0.00E+00 0.00E+00 0.00E+00 0.00E+00 0.00E+00 0.00E+00 0.00E+00 0.00E+00 0.00E+00 0.00E+00 0.00E+00 0.00E+00 0.00E+00 0.00E+00 0.00E+00 0.00E+00
  25.00  1.179  1.16E+15 7.08E+14 7.62E+15 6.35E+11 4.96E+13 5.01E+13 9.82E+13 1.07E+14 1.90E+14 6.28E+13 4.87E+13 5.22E+13 3.26E+13 7.53E+12 1.85E+12 1.02E+12 2.41E+12 1.55E+11 1.16E+12 3.98E+11 3.85E+11 1.73E+11 2.78E+11 1.64E+11 3.71E+11 3.79E+10 2.11E+11 1.75E+10 1.15E+11 4.29E+10 4.35E+10 1.83E+10 3.64E+10 2.30E+10 0.00E+00 0.00E+00 0.00E+00 0.00E+00 0.00E+00 0.00E+00 0.00E+00 0.00E+00 0.00E+00 0.00E+00 0.00E+00 0.00E+00 0.00E+00 0.00E+00 0.00E+00 0.00E+00 0.00E+00 0.00E+00 0.00E+00
  30.00  1.291  1.06E+17 4.11E+16 4.10E+17 3.03E+13 2.99E+15 3.01E+15 5.96E+15 6.97E+15 1.39E+16 2.90E+15 1.86E+15 2.19E+15 1.06E+15 1.38E+14 1.78E+13 8.39E+12 3.00E+13 6.31E+11 1.25E+13 3.10E+12 3.20E+12 1.18E+12 2.62E+12 1.46E+12 5.31E+12 2.37E+11 3.27E+12 1.09E+11 1.91E+12 5.87E+11 7.02E+11 2.60E+11 8.29E+11 5.59E+11 0.00E+00 0.00E+00 0.00E+00 0.00E+00 0.00E+00 0.00E+00 0.00E+00 0.00E+00 0.00E+00 0.00E+00 0.00E+00 0.00E+00 0.00E+00 0.00E+00 0.00E+00 0.00E+00 0.00E+00 0.00E+00 0.00E+00
  40.00  1.491  8.06E+20 1.61E+20 1.53E+21 6.88E+16 1.09E+19 1.09E+19 2.20E+19 2.94E+19 7.39E+19 6.16E+18 2.70E+18 3.88E+18 1.13E+18 4.58E+16 1.67E+15 5.63E+14 4.67E+15 1.04E+13 1.44E+15 1.88E+14 2.22E+14 5.54E+13 2.32E+14 1.16E+14 1.09E+15 9.25E+12 7.86E+14 4.26E+12 5.34E+14 1.10E+14 1.83E+14 5.20E+13 4.30E+14 3.31E+14 0.00E+00 0.00E+00 0.00E+00 0.00E+00 0.00E+00 0.00E+00 0.00E+00 0.00E+00 0.00E+00 0.00E+00 0.00E+00 0.00E+00 0.00E+00 0.00E+00 0.00E+00 0.00E+00 0.00E+00 0.00E+00 0.00E+00
  50.00  1.667  3.22E+21 3.22E+20 3.06E+21 1.37E+17 2.17E+19 2.17E+19 4.40E+19 5.88E+19 1.48E+20 1.23E+19 5.40E+18 7.75E+18 2.26E+18 9.15E+16 1.56E+17 3.78E+16 9.31E+15 1.73E+14 2.88E+15 1.14E+16 1.54E+16 2.60E+15 2.05E+16 9.23E+15 2.17E+15 3.61E+14 1.57E+15 1.66E+14 1.07E+15 2.20E+14 3.66E+14 1.04E+14 8.60E+14 6.61E+14 0.00E+00 0.00E+00 0.00E+00 0.00E+00 0.00E+00 0.00E+00 0.00E+00 0.00E+00 0.00E+00 0.00E+00 0.00E+00 0.00E+00 0.00E+00 0.00E+00 0.00E+00 0.00E+00 0.00E+00 0.00E+00 0.00E+00
  60.00  1.826  8.16E+21 6.66E+20 6.68E+21 2.75E+17 4.34E+19 4.35E+19 8.80E+19 1.18E+20 2.96E+20 2.46E+19 1.08E+19 1.55E+19 4.51E+18 1.83E+17 1.45E+19 2.54E+18 1.86E+16 2.86E+15 5.73E+15 6.93E+17 1.07E+18 1.22E+17 1.82E+18 7.33E+17 4.32E+15 1.41E+16 3.13E+15 6.45E+15 2.13E+15 4.38E+14 7.30E+14 2.07E+14 1.72E+15 1.32E+15 0.00E+00 0.00E+00 0.00E+00 0.00E+00 0.00E+00 0.00E+00 0.00E+00 0.00E+00 0.00E+00 0.00E+00 0.00E+00 0.00E+00 0.00E+00 0.00E+00 0.00E+00 0.00E+00 0.00E+00 0.00E+00 0.00E+00
  70.00  1.972  2.73E+22 3.16E+21 6.06E+22 5.50E+17 8.68E+19 8.70E+19 1.76E+20 2.35E+20 5.91E+20 4.93E+19 2.16E+19 3.10E+19 9.01E+18 3.65E+17 1.36E+21 1.70E+20 3.70E+16 4.73E+16 1.14E+16 4.20E+19 7.39E+19 5.70E+18 1.61E+20 5.83E+19 8.62E+15 5.50E+17 6.25E+15 2.51E+17 4.25E+15 8.74E+14 1.46E+15 4.13E+14 3.43E+15 2.64E+15 0.00E+00 0.00E+00 0.00E+00 0.00E+00 0.00E+00 0.00E+00 0.00E+00 0.00E+00 0.00E+00 0.00E+00 0.00E+00 0.00E+00 0.00E+00 0.00E+00 0.00E+00 0.00E+00 0.00E+00 0.00E+00 0.00E+00
  80.00  2.108  8.82E+23 1.68E+23 4.25E+24 1.10E+18 1.74E+20 1.74E+20 3.52E+20 4.70E+20 1.18E+21 9.85E+19 4.31E+19 6.19E+19 1.80E+19 7.28E+17 1.27E+23 1.14E+22 7.38E+16 7.82E+17 2.27E+16 2.55E+21 5.12E+21 2.67E+20 1.42E+22 4.63E+21 1.72E+16 2.14E+19 1.25E+16 9.78E+18 8.48E+15 1.74E+15 2.91E+15 8.24E+14 6.86E+15 5.27E+15 0.00E+00 0.00E+00 0.00E+00 0.00E+00 0.00E+00 0.00E+00 0.00E+00 0.00E+00 0.00E+00 0.00E+00 0.00E+00 0.00E+00 0.00E+00 0.00E+00 0.00E+00 0.00E+00 0.00E+00 0.00E+00 0.00E+00
  90.00  2.236  7.57E+25 1.48E+25 3.74E+26 2.20E+18 3.47E+20 3.48E+20 7.04E+20 9.40E+20 2.37E+21 1.97E+20 8.63E+19 1.24E+20 3.60E+19 1.45E+18 1.19E+25 7.68E+23 1.47E+17 1.29E+19 4.52E+16 1.55E+23 3.55E+23 1.25E+22 1.26E+24 3.68E+23 3.43E+16 8.37E+20 2.49E+16 3.81E+20 1.69E+16 3.48E+15 5.81E+15 1.64E+15 1.37E+16 1.05E+16 0.00E+00 0.00E+00 0.00E+00 0.00E+00 0.00E+00 0.00E+00 0.00E+00 0.00E+00 0.00E+00 0.00E+00 0.00E+00 0.00E+00 0.00E+00 0.00E+00 0.00E+00 0.00E+00 0.00E+00 0.00E+00 0.00E+00
 100.00  2.357  6.83E+27 1.34E+27 3.35E+28 4.39E+18 6.94E+20 6.95E+20 1.41E+21 1.88E+21 4.73E+21 3.94E+20 1.72E+20 2.48E+20 7.20E+19 2.90E+18 1.11E+27 5.16E+25 2.93E+17 2.14E+20 9.01E+16 9.40E+24 2.46E+25 5.87E+23 1.12E+26 2.93E+25 6.85E+16 3.27E+22 4.97E+16 1.48E+22 3.38E+16 6.94E+15 1.16E+16 3.28E+15 2.74E+16 2.11E+16 0.00E+00 0.00E+00 0.00E+00 0.00E+00 0.00E+00 0.00E+00 0.00E+00 0.00E+00 0.00E+00 0.00E+00 0.00E+00 0.00E+00 0.00E+00 0.00E+00 0.00E+00 0.00E+00 0.00E+00 0.00E+00 0.00E+00
 110.00  2.472  6.21E+29 1.22E+29 3.03E+30 8.79E+18 1.39E+21 1.39E+21 2.81E+21 3.76E+21 9.46E+21 7.88E+20 3.45E+20 4.95E+20 1.44E+20 5.80E+18 1.04E+29 3.46E+27 5.85E+17 3.54E+21 1.79E+17 5.71E+26 1.70E+27 2.75E+25 9.89E+27 2.33E+27 1.37E+17 1.28E+24 9.92E+16 5.77E+23 6.75E+16 1.38E+16 2.31E+16 6.54E+15 5.47E+16 4.21E+16 0.00E+00 0.00E+00 0.00E+00 0.00E+00 0.00E+00 0.00E+00 0.00E+00 0.00E+00 0.00E+00 0.00E+00 0.00E+00 0.00E+00 0.00E+00 0.00E+00 0.00E+00 0.00E+00 0.00E+00 0.00E+00 0.00E+00
 120.00  2.582  5.68E+31 1.11E+31 2.75E+32 1.76E+19 2.78E+21 2.78E+21 5.63E+21 7.52E+21 1.89E+22 1.57E+21 6.89E+20 9.90E+20 2.88E+20 1.16E+19 9.67E+30 2.33E+29 1.17E+18 5.86E+22 3.57E+17 3.46E+28 1.18E+29 1.29E+27 8.76E+29 1.85E+29 2.73E+17 4.98E+25 1.98E+17 2.25E+25 1.35E+17 2.76E+16 4.62E+16 1.31E+16 1.09E+17 8.41E+16 0.00E+00 0.00E+00 0.00E+00 0.00E+00 0.00E+00 0.00E+00 0.00E+00 0.00E+00 0.00E+00 0.00E+00 0.00E+00 0.00E+00 0.00E+00 0.00E+00 0.00E+00 0.00E+00 0.00E+00 0.00E+00 0.00E+00
 130.00  2.687  5.22E+33 1.02E+33 2.52E+34 3.51E+19 5.55E+21 5.56E+21 1.13E+22 1.50E+22 3.78E+22 3.15E+21 1.38E+21 1.98E+21 5.75E+20 2.31E+19 9.03E+32 1.56E+31 2.32E+18 9.70E+23 7.11E+17 2.10E+30 8.19E+30 6.04E+28 7.76E+31 1.47E+31 5.44E+17 1.94E+27 3.95E+17 8.75E+26 2.69E+17 5.50E+16 9.22E+16 2.60E+16 2.18E+17 1.68E+17 0.00E+00 0.00E+00 0.00E+00 0.00E+00 0.00E+00 0.00E+00 0.00E+00 0.00E+00 0.00E+00 0.00E+00 0.00E+00 0.00E+00 0.00E+00 0.00E+00 0.00E+00 0.00E+00 0.00E+00 0.00E+00 0.00E+00
 140.00  2.789  4.81E+35 9.42E+34 2.31E+36 7.03E+19 1.11E+22 1.11E+22 2.25E+22 3.01E+22 7.56E+22 6.30E+21 2.76E+21 3.96E+21 1.15E+21 4.62E+19 8.44E+34 1.05E+33 4.63E+18 1.60E+25 1.42E+18 1.28E+32 5.67E+32 2.83E+30 6.87E+33 1.17E+33 1.08E+18 7.58E+28 7.89E+17 3.41E+28 5.37E+17 1.10E+17 1.84E+17 5.20E+16 4.36E+17 3.36E+17 0.00E+00 0.00E+00 0.00E+00 0.00E+00 0.00E+00 0.00E+00 0.00E+00 0.00E+00 0.00E+00 0.00E+00 0.00E+00 0.00E+00 0.00E+00 0.00E+00 0.00E+00 0.00E+00 0.00E+00 0.00E+00 0.00E+00
 150.00  2.887  4.45E+37 8.70E+36 2.12E+38 1.40E+20 2.22E+22 2.22E+22 4.50E+22 6.01E+22 1.51E+23 1.26E+22 5.51E+21 7.91E+21 2.30E+21 9.23E+19 7.88E+36 7.04E+34 9.23E+18 2.66E+26 2.82E+18 7.74E+33 3.93E+34 1.33E+32 6.08E+35 9.28E+34 2.16E+18 2.96E+30 1.57E+18 1.33E+30 1.07E+18 2.19E+17 3.67E+17 1.04E+17 8.72E+17 6.71E+17 0.00E+00 0.00E+00 0.00E+00 0.00E+00 0.00E+00 0.00E+00 0.00E+00 0.00E+00 0.00E+00 0.00E+00 0.00E+00 0.00E+00 0.00E+00 0.00E+00 0.00E+00 0.00E+00 0.00E+00 0.00E+00 0.00E+00
 160.00  2.981  4.12E+39 8.06E+38 1.96E+40 2.81E+20 4.44E+22 4.45E+22 9.00E+22 1.20E+23 3.03E+23 2.52E+22 1.10E+22 1.58E+22 4.59E+21 1.84E+20 7.37E+38 4.73E+36 1.84E+19 4.39E+27 5.62E+18 4.70E+35 2.72E+36 6.22E+33 5.39E+37 7.38E+36 4.32E+18 1.15E+32 3.14E+18 5.16E+31 2.14E+18 4.37E+17 7.33E+17 2.07E+17 1.74E+18 1.34E+18 0.00E+00 0.00E+00 0.00E+00 0.00E+00 0.00E+00 0.00E+00 0.00E+00 0.00E+00 0.00E+00 0.00E+00 0.00E+00 0.00E+00 0.00E+00 0.00E+00 0.00E+00 0.00E+00 0.00E+00 0.00E+00 0.00E+00
 170.00  3.073  3.82E+41 7.47E+40 1.81E+42 5.62E+20 8.88E+22 8.89E+22 1.80E+23 2.40E+23 6.05E+23 5.03E+22 2.20E+22 3.16E+22 9.19E+21 3.68E+20 6.88E+40 3.17E+38 3.67E+19 7.27E+28 1.12E+19 2.85E+37 1.89E+38 2.91E+35 4.77E+39 5.86E+38 8.62E+18 4.51E+33 6.27E+18 2.01E+33 4.27E+18 8.71E+17 1.46E+18 4.13E+17 3.48E+18 2.68E+18 0.00E+00 0.00E+00 0.00E+00 0.00E+00 0.00E+00 0.00E+00 0.00E+00 0.00E+00 0.00E+00 0.00E+00 0.00E+00 0.00E+00 0.00E+00 0.00E+00 0.00E+00 0.00E+00 0.00E+00 0.00E+00 0.00E+00
 180.00  3.162  3.54E+43 6.93E+42 1.67E+44 1.12E+21 1.78E+23 1.78E+23 3.60E+23 4.81E+23 1.21E+24 1.01E+23 4.40E+22 6.33E+22 1.84E+22 7.35E+20 6.43E+42 2.13E+40 7.32E+19 1.20E+30 2.23E+19 1.73E+39 1.31E+40 1.37E+37 4.22E+41 4.66E+40 1.72E+19 1.76E+35 1.25E+19 7.83E+34 8.53E+18 1.74E+18 2.92E+18 8.23E+17 6.95E+18 5.35E+18 0.00E+00 0.00E+00 0.00E+00 0.00E+00 0.00E+00 0.00E+00 0.00E+00 0.00E+00 0.00E+00 0.00E+00 0.00E+00 0.00E+00 0.00E+00 0.00E+00 0.00E+00 0.00E+00 0.00E+00 0.00E+00 0.00E+00
 190.00  3.249  3.29E+45 6.44E+44 1.55E+46 2.25E+21 3.55E+23 3.56E+23 7.20E+23 9.62E+23 2.42E+24 2.01E+23 8.80E+22 1.26E+23 3.67E+22 1.47E+21 6.01E+44 1.43E+42 1.46E+20 1.99E+31 4.43E+19 1.05E+41 9.07E+41 6.40E+38 3.74E+43 3.70E+42 3.43E+19 6.86E+36 2.50E+19 3.05E+36 1.70E+19 3.47E+18 5.83E+18 1.64E+18 1.39E+19 1.07E+19 0.00E+00 0.00E+00 0.00E+00 0.00E+00 0.00E+00 0.00E+00 0.00E+00 0.00E+00 0.00E+00 0.00E+00 0.00E+00 0.00E+00 0.00E+00 0.00E+00 0.00E+00 0.00E+00 0.00E+00 0.00E+00 0.00E+00
 200.00  3.333  3.06E+47 5.99E+46 1.44E+48 4.49E+21 7.10E+23 7.11E+23 1.44E+24 1.92E+24 4.84E+24 4.02E+23 1.76E+23 2.53E+23 7.34E+22 2.93E+21 5.61E+46 9.60E+43 2.91E+20 3.29E+32 8.83E+19 6.38E+42 6.29E+43 3.00E+40 3.31E+45 2.94E+44 6.84E+19 2.68E+38 4.99E+19 1.19E+38 3.40E+19 6.92E+18 1.16E+19 3.28E+18 2.78E+19 2.14E+19 0.00E+00 0.00E+00 0.00E+00 0.00E+00 0.00E+00 0.00E+00 0.00E+00 0.00E+00 0.00E+00 0.00E+00 0.00E+00 0.00E+00 0.00E+00 0.00E+00 0.00E+00 0.00E+00 0.00E+00 0.00E+00 0.00E+00
 
