                    *********************************************************************************
                    *  Z= 83 A=210: Positive-Parity Spin-dependent Level Density [MeV-1] for BI210  *
                    *********************************************************************************
 U[MeV]  T[MeV]  NCUMUL   RHOOBS   RHOTOT     J=00     J=01     J=02     J=03     J=04     J=05     J=06     J=07     J=08     J=09     J=10     J=11     J=12     J=13     J=14     J=15     J=16     J=17     J=18     J=19     J=20     J=21     J=22     J=23     J=24     J=25     J=26     J=27     J=28     J=29     J=30     J=31     J=32     J=33     J=34     J=35     J=36     J=37     J=38     J=39     J=40     J=41     J=42     J=43     J=44     J=45     J=46     J=47     J=48     J=49
   0.25  0.114  2.00E+00 1.00E+01 6.00E+01 1.67E+00 1.67E+00 1.67E+00 1.67E+00 1.67E+00 1.67E+00 0.00E+00 0.00E+00 0.00E+00 0.00E+00 0.00E+00 0.00E+00 0.00E+00 0.00E+00 0.00E+00 0.00E+00 0.00E+00 0.00E+00 0.00E+00 0.00E+00 0.00E+00 0.00E+00 0.00E+00 0.00E+00 0.00E+00 0.00E+00 0.00E+00 0.00E+00 0.00E+00 0.00E+00 0.00E+00 0.00E+00 0.00E+00 0.00E+00 0.00E+00 0.00E+00 0.00E+00 0.00E+00 0.00E+00 0.00E+00 0.00E+00 0.00E+00 0.00E+00 0.00E+00 0.00E+00 0.00E+00 0.00E+00 0.00E+00 0.00E+00 0.00E+00
   0.50  0.162  3.00E+00 0.00E+00 0.00E+00 0.00E+00 0.00E+00 0.00E+00 0.00E+00 0.00E+00 0.00E+00 0.00E+00 0.00E+00 0.00E+00 0.00E+00 0.00E+00 0.00E+00 0.00E+00 0.00E+00 0.00E+00 0.00E+00 0.00E+00 0.00E+00 0.00E+00 0.00E+00 0.00E+00 0.00E+00 0.00E+00 0.00E+00 0.00E+00 0.00E+00 0.00E+00 0.00E+00 0.00E+00 0.00E+00 0.00E+00 0.00E+00 0.00E+00 0.00E+00 0.00E+00 0.00E+00 0.00E+00 0.00E+00 0.00E+00 0.00E+00 0.00E+00 0.00E+00 0.00E+00 0.00E+00 0.00E+00 0.00E+00 0.00E+00 0.00E+00 0.00E+00 0.00E+00
   0.75  0.198  4.00E+00 6.90E+00 6.36E+01 2.31E-01 1.67E+00 1.67E+00 0.00E+00 0.00E+00 0.00E+00 1.67E+00 0.00E+00 1.67E+00 0.00E+00 0.00E+00 0.00E+00 0.00E+00 0.00E+00 0.00E+00 0.00E+00 0.00E+00 0.00E+00 0.00E+00 0.00E+00 0.00E+00 0.00E+00 0.00E+00 0.00E+00 0.00E+00 0.00E+00 0.00E+00 0.00E+00 0.00E+00 0.00E+00 0.00E+00 0.00E+00 0.00E+00 0.00E+00 0.00E+00 0.00E+00 0.00E+00 0.00E+00 0.00E+00 0.00E+00 0.00E+00 0.00E+00 0.00E+00 0.00E+00 0.00E+00 0.00E+00 0.00E+00 0.00E+00 0.00E+00 0.00E+00
   1.00  0.229  8.00E+00 2.52E+01 2.15E+02 1.90E+00 3.33E+00 3.33E+00 3.33E+00 3.33E+00 3.33E+00 3.33E+00 1.67E+00 1.67E+00 0.00E+00 0.00E+00 0.00E+00 0.00E+00 0.00E+00 0.00E+00 0.00E+00 0.00E+00 0.00E+00 0.00E+00 0.00E+00 0.00E+00 0.00E+00 0.00E+00 0.00E+00 0.00E+00 0.00E+00 0.00E+00 0.00E+00 0.00E+00 0.00E+00 0.00E+00 0.00E+00 0.00E+00 0.00E+00 0.00E+00 0.00E+00 0.00E+00 0.00E+00 0.00E+00 0.00E+00 0.00E+00 0.00E+00 0.00E+00 0.00E+00 0.00E+00 0.00E+00 0.00E+00 0.00E+00 0.00E+00 0.00E+00
   1.25  0.256  1.40E+01 2.36E+01 1.87E+02 1.90E+00 3.33E+00 3.33E+00 3.33E+00 3.33E+00 3.33E+00 3.33E+00 1.67E+00 0.00E+00 0.00E+00 0.00E+00 0.00E+00 0.00E+00 0.00E+00 0.00E+00 0.00E+00 0.00E+00 0.00E+00 0.00E+00 0.00E+00 0.00E+00 0.00E+00 0.00E+00 0.00E+00 0.00E+00 0.00E+00 0.00E+00 0.00E+00 0.00E+00 0.00E+00 0.00E+00 0.00E+00 0.00E+00 0.00E+00 0.00E+00 0.00E+00 0.00E+00 0.00E+00 0.00E+00 0.00E+00 0.00E+00 0.00E+00 0.00E+00 0.00E+00 0.00E+00 0.00E+00 0.00E+00 0.00E+00 0.00E+00 0.00E+00
   1.50  0.280  1.80E+01 1.00E+01 8.00E+01 1.67E+00 1.67E+00 0.00E+00 0.00E+00 1.67E+00 3.33E+00 1.67E+00 0.00E+00 0.00E+00 0.00E+00 0.00E+00 0.00E+00 0.00E+00 0.00E+00 0.00E+00 0.00E+00 0.00E+00 0.00E+00 0.00E+00 0.00E+00 0.00E+00 0.00E+00 0.00E+00 0.00E+00 0.00E+00 0.00E+00 0.00E+00 0.00E+00 0.00E+00 0.00E+00 0.00E+00 0.00E+00 0.00E+00 0.00E+00 0.00E+00 0.00E+00 0.00E+00 0.00E+00 0.00E+00 0.00E+00 0.00E+00 0.00E+00 0.00E+00 0.00E+00 0.00E+00 0.00E+00 0.00E+00 0.00E+00 0.00E+00 0.00E+00
   1.75  0.303  2.00E+01 5.16E+00 6.37E+01 0.00E+00 0.00E+00 1.67E+00 0.00E+00 8.20E-02 0.00E+00 1.67E+00 0.00E+00 7.61E-02 1.67E+00 0.00E+00 0.00E+00 0.00E+00 0.00E+00 0.00E+00 0.00E+00 0.00E+00 0.00E+00 0.00E+00 0.00E+00 0.00E+00 0.00E+00 0.00E+00 0.00E+00 0.00E+00 0.00E+00 0.00E+00 0.00E+00 0.00E+00 0.00E+00 0.00E+00 0.00E+00 0.00E+00 0.00E+00 0.00E+00 0.00E+00 0.00E+00 0.00E+00 0.00E+00 0.00E+00 0.00E+00 0.00E+00 0.00E+00 0.00E+00 0.00E+00 0.00E+00 0.00E+00 0.00E+00 0.00E+00 0.00E+00
   2.00  0.324  2.40E+01 2.48E+01 2.31E+02 1.67E+00 3.33E+00 5.20E+00 5.26E-01 3.42E+00 1.67E+00 3.55E+00 3.56E-01 3.41E+00 1.67E+00 0.00E+00 0.00E+00 0.00E+00 0.00E+00 0.00E+00 0.00E+00 0.00E+00 0.00E+00 0.00E+00 0.00E+00 0.00E+00 0.00E+00 0.00E+00 0.00E+00 0.00E+00 0.00E+00 0.00E+00 0.00E+00 0.00E+00 0.00E+00 0.00E+00 0.00E+00 0.00E+00 0.00E+00 0.00E+00 0.00E+00 0.00E+00 0.00E+00 0.00E+00 0.00E+00 0.00E+00 0.00E+00 0.00E+00 0.00E+00 0.00E+00 0.00E+00 0.00E+00 0.00E+00 0.00E+00 0.00E+00
   2.25  0.343  3.40E+01 5.40E+01 4.40E+02 1.00E+01 5.41E+00 5.81E+00 5.53E+00 6.89E+00 5.72E+00 5.83E+00 3.69E+00 3.41E+00 1.67E+00 0.00E+00 0.00E+00 0.00E+00 0.00E+00 0.00E+00 0.00E+00 0.00E+00 0.00E+00 0.00E+00 0.00E+00 0.00E+00 0.00E+00 0.00E+00 0.00E+00 0.00E+00 0.00E+00 0.00E+00 0.00E+00 0.00E+00 0.00E+00 0.00E+00 0.00E+00 0.00E+00 0.00E+00 0.00E+00 0.00E+00 0.00E+00 0.00E+00 0.00E+00 0.00E+00 0.00E+00 0.00E+00 0.00E+00 0.00E+00 0.00E+00 0.00E+00 0.00E+00 0.00E+00 0.00E+00 0.00E+00
   2.50  0.362  4.70E+01 5.17E+01 3.59E+02 1.00E+01 8.74E+00 5.62E+00 7.19E+00 5.14E+00 5.72E+00 3.95E+00 3.69E+00 1.67E+00 0.00E+00 0.00E+00 0.00E+00 0.00E+00 0.00E+00 0.00E+00 0.00E+00 0.00E+00 0.00E+00 0.00E+00 0.00E+00 0.00E+00 0.00E+00 0.00E+00 0.00E+00 0.00E+00 0.00E+00 0.00E+00 0.00E+00 0.00E+00 0.00E+00 0.00E+00 0.00E+00 0.00E+00 0.00E+00 0.00E+00 0.00E+00 0.00E+00 0.00E+00 0.00E+00 0.00E+00 0.00E+00 0.00E+00 0.00E+00 0.00E+00 0.00E+00 0.00E+00 0.00E+00 0.00E+00 0.00E+00 0.00E+00
   2.75  0.380  5.60E+01 1.85E+01 9.30E+01 6.67E+00 3.33E+00 1.67E+00 1.67E+00 1.81E+00 1.67E+00 1.67E+00 0.00E+00 0.00E+00 0.00E+00 0.00E+00 0.00E+00 0.00E+00 0.00E+00 0.00E+00 0.00E+00 0.00E+00 0.00E+00 0.00E+00 0.00E+00 0.00E+00 0.00E+00 0.00E+00 0.00E+00 0.00E+00 0.00E+00 0.00E+00 0.00E+00 0.00E+00 0.00E+00 0.00E+00 0.00E+00 0.00E+00 0.00E+00 0.00E+00 0.00E+00 0.00E+00 0.00E+00 0.00E+00 0.00E+00 0.00E+00 0.00E+00 0.00E+00 0.00E+00 0.00E+00 0.00E+00 0.00E+00 0.00E+00 0.00E+00 0.00E+00
   3.00  0.396  6.00E+01 1.67E+01 1.07E+02 1.67E+00 5.00E+00 1.67E+00 0.00E+00 6.67E+00 0.00E+00 1.67E+00 0.00E+00 0.00E+00 0.00E+00 0.00E+00 0.00E+00 0.00E+00 0.00E+00 0.00E+00 0.00E+00 0.00E+00 0.00E+00 0.00E+00 0.00E+00 0.00E+00 0.00E+00 0.00E+00 0.00E+00 0.00E+00 0.00E+00 0.00E+00 0.00E+00 0.00E+00 0.00E+00 0.00E+00 0.00E+00 0.00E+00 0.00E+00 0.00E+00 0.00E+00 0.00E+00 0.00E+00 0.00E+00 0.00E+00 0.00E+00 0.00E+00 0.00E+00 0.00E+00 0.00E+00 0.00E+00 0.00E+00 0.00E+00 0.00E+00 0.00E+00
   3.25  0.413  6.60E+01 3.29E+01 2.10E+02 1.00E+01 3.33E+00 2.32E+00 1.67E+00 7.22E+00 3.33E+00 5.00E+00 0.00E+00 0.00E+00 0.00E+00 0.00E+00 0.00E+00 0.00E+00 0.00E+00 0.00E+00 0.00E+00 0.00E+00 0.00E+00 0.00E+00 0.00E+00 0.00E+00 0.00E+00 0.00E+00 0.00E+00 0.00E+00 0.00E+00 0.00E+00 0.00E+00 0.00E+00 0.00E+00 0.00E+00 0.00E+00 0.00E+00 0.00E+00 0.00E+00 0.00E+00 0.00E+00 0.00E+00 0.00E+00 0.00E+00 0.00E+00 0.00E+00 0.00E+00 0.00E+00 0.00E+00 0.00E+00 0.00E+00 0.00E+00 0.00E+00 0.00E+00
   3.50  0.428  8.00E+01 7.87E+01 5.14E+02 1.84E+01 1.11E+01 7.32E+00 8.33E+00 1.39E+01 1.00E+01 6.31E+00 3.33E+00 0.00E+00 0.00E+00 0.00E+00 0.00E+00 0.00E+00 0.00E+00 0.00E+00 0.00E+00 0.00E+00 0.00E+00 0.00E+00 0.00E+00 0.00E+00 0.00E+00 0.00E+00 0.00E+00 0.00E+00 0.00E+00 0.00E+00 0.00E+00 0.00E+00 0.00E+00 0.00E+00 0.00E+00 0.00E+00 0.00E+00 0.00E+00 0.00E+00 0.00E+00 0.00E+00 0.00E+00 0.00E+00 0.00E+00 0.00E+00 0.00E+00 0.00E+00 0.00E+00 0.00E+00 0.00E+00 0.00E+00 0.00E+00 0.00E+00
   3.75  0.443  1.04E+02 1.14E+02 7.63E+02 2.17E+01 1.74E+01 1.36E+01 2.00E+01 1.17E+01 1.20E+01 1.30E+01 5.00E+00 0.00E+00 0.00E+00 0.00E+00 0.00E+00 0.00E+00 0.00E+00 0.00E+00 0.00E+00 0.00E+00 0.00E+00 0.00E+00 0.00E+00 0.00E+00 0.00E+00 0.00E+00 0.00E+00 0.00E+00 0.00E+00 0.00E+00 0.00E+00 0.00E+00 0.00E+00 0.00E+00 0.00E+00 0.00E+00 0.00E+00 0.00E+00 0.00E+00 0.00E+00 0.00E+00 0.00E+00 0.00E+00 0.00E+00 0.00E+00 0.00E+00 0.00E+00 0.00E+00 0.00E+00 0.00E+00 0.00E+00 0.00E+00 0.00E+00
   4.00  0.458  1.43E+02 1.95E+02 2.04E+03 2.33E+01 1.92E+01 1.74E+01 2.22E+01 1.31E+01 1.70E+01 2.00E+01 2.00E+01 1.83E+01 8.33E+00 8.33E+00 3.33E+00 3.33E+00 0.00E+00 1.67E+00 0.00E+00 0.00E+00 0.00E+00 0.00E+00 0.00E+00 0.00E+00 0.00E+00 0.00E+00 0.00E+00 0.00E+00 0.00E+00 0.00E+00 0.00E+00 0.00E+00 0.00E+00 0.00E+00 0.00E+00 0.00E+00 0.00E+00 0.00E+00 0.00E+00 0.00E+00 0.00E+00 0.00E+00 0.00E+00 0.00E+00 0.00E+00 0.00E+00 0.00E+00 0.00E+00 0.00E+00 0.00E+00 0.00E+00 0.00E+00 0.00E+00
   4.25  0.472  2.22E+02 4.38E+02 5.62E+03 1.50E+01 1.54E+01 3.69E+01 5.07E+01 3.09E+01 4.50E+01 5.50E+01 5.17E+01 5.17E+01 3.46E+01 2.00E+01 1.00E+01 1.00E+01 8.33E+00 3.33E+00 0.00E+00 0.00E+00 0.00E+00 0.00E+00 0.00E+00 0.00E+00 0.00E+00 0.00E+00 0.00E+00 0.00E+00 0.00E+00 0.00E+00 0.00E+00 0.00E+00 0.00E+00 0.00E+00 0.00E+00 0.00E+00 0.00E+00 0.00E+00 0.00E+00 0.00E+00 0.00E+00 0.00E+00 0.00E+00 0.00E+00 0.00E+00 0.00E+00 0.00E+00 0.00E+00 0.00E+00 0.00E+00 0.00E+00 0.00E+00 0.00E+00
   4.50  0.486  3.44E+02 5.38E+02 7.50E+03 1.01E+01 1.76E+01 3.43E+01 5.25E+01 4.59E+01 5.00E+01 6.17E+01 5.33E+01 7.00E+01 4.62E+01 3.67E+01 2.50E+01 1.83E+01 1.17E+01 5.00E+00 0.00E+00 0.00E+00 0.00E+00 0.00E+00 0.00E+00 0.00E+00 0.00E+00 0.00E+00 0.00E+00 0.00E+00 0.00E+00 0.00E+00 0.00E+00 0.00E+00 0.00E+00 0.00E+00 0.00E+00 0.00E+00 0.00E+00 0.00E+00 0.00E+00 0.00E+00 0.00E+00 0.00E+00 0.00E+00 0.00E+00 0.00E+00 0.00E+00 0.00E+00 0.00E+00 0.00E+00 0.00E+00 0.00E+00 0.00E+00 0.00E+00
   4.75  0.499  5.11E+02 7.92E+02 1.09E+04 3.68E+01 3.07E+01 6.21E+01 4.45E+01 4.33E+01 7.00E+01 1.03E+02 9.83E+01 9.17E+01 7.00E+01 5.50E+01 4.00E+01 2.83E+01 1.33E+01 5.00E+00 0.00E+00 0.00E+00 0.00E+00 0.00E+00 0.00E+00 0.00E+00 0.00E+00 0.00E+00 0.00E+00 0.00E+00 0.00E+00 0.00E+00 0.00E+00 0.00E+00 0.00E+00 0.00E+00 0.00E+00 0.00E+00 0.00E+00 0.00E+00 0.00E+00 0.00E+00 0.00E+00 0.00E+00 0.00E+00 0.00E+00 0.00E+00 0.00E+00 0.00E+00 0.00E+00 0.00E+00 0.00E+00 0.00E+00 0.00E+00 0.00E+00
   5.00  0.512  7.16E+02 8.50E+02 1.24E+04 3.77E+01 3.80E+01 5.42E+01 2.67E+01 2.67E+01 7.50E+01 1.13E+02 1.08E+02 9.17E+01 9.00E+01 7.83E+01 5.00E+01 3.00E+01 1.83E+01 8.33E+00 1.67E+00 1.67E+00 0.00E+00 0.00E+00 0.00E+00 0.00E+00 0.00E+00 0.00E+00 0.00E+00 0.00E+00 0.00E+00 0.00E+00 0.00E+00 0.00E+00 0.00E+00 0.00E+00 0.00E+00 0.00E+00 0.00E+00 0.00E+00 0.00E+00 0.00E+00 0.00E+00 0.00E+00 0.00E+00 0.00E+00 0.00E+00 0.00E+00 0.00E+00 0.00E+00 0.00E+00 0.00E+00 0.00E+00 0.00E+00 0.00E+00
   5.50  0.537  1.42E+03 1.98E+03 3.01E+04 5.26E+01 5.47E+01 1.30E+02 1.14E+02 1.66E+02 1.58E+02 1.77E+02 1.93E+02 1.87E+02 2.18E+02 1.68E+02 1.28E+02 9.83E+01 6.67E+01 3.33E+01 1.83E+01 6.67E+00 5.00E+00 0.00E+00 0.00E+00 0.00E+00 0.00E+00 0.00E+00 0.00E+00 0.00E+00 0.00E+00 0.00E+00 0.00E+00 0.00E+00 0.00E+00 0.00E+00 0.00E+00 0.00E+00 0.00E+00 0.00E+00 0.00E+00 0.00E+00 0.00E+00 0.00E+00 0.00E+00 0.00E+00 0.00E+00 0.00E+00 0.00E+00 0.00E+00 0.00E+00 0.00E+00 0.00E+00 0.00E+00 0.00E+00
   6.00  0.561  2.80E+03 3.54E+03 5.57E+04 7.78E+01 1.62E+02 1.62E+02 2.06E+02 1.98E+02 2.50E+02 3.42E+02 3.70E+02 3.72E+02 3.57E+02 3.25E+02 2.68E+02 1.98E+02 1.27E+02 7.17E+01 3.33E+01 1.67E+01 6.67E+00 0.00E+00 0.00E+00 0.00E+00 0.00E+00 0.00E+00 0.00E+00 0.00E+00 0.00E+00 0.00E+00 0.00E+00 0.00E+00 0.00E+00 0.00E+00 0.00E+00 0.00E+00 0.00E+00 0.00E+00 0.00E+00 0.00E+00 0.00E+00 0.00E+00 0.00E+00 0.00E+00 0.00E+00 0.00E+00 0.00E+00 0.00E+00 0.00E+00 0.00E+00 0.00E+00 0.00E+00 0.00E+00
   6.50  0.584  5.08E+03 5.58E+03 8.72E+04 9.33E+01 2.65E+02 3.15E+02 3.78E+02 4.05E+02 4.73E+02 4.75E+02 4.90E+02 4.92E+02 4.58E+02 4.72E+02 4.17E+02 3.25E+02 2.33E+02 1.63E+02 7.00E+01 3.83E+01 1.17E+01 3.33E+00 0.00E+00 0.00E+00 0.00E+00 0.00E+00 0.00E+00 0.00E+00 0.00E+00 0.00E+00 0.00E+00 0.00E+00 0.00E+00 0.00E+00 0.00E+00 0.00E+00 0.00E+00 0.00E+00 0.00E+00 0.00E+00 0.00E+00 0.00E+00 0.00E+00 0.00E+00 0.00E+00 0.00E+00 0.00E+00 0.00E+00 0.00E+00 0.00E+00 0.00E+00 0.00E+00 0.00E+00
   7.00  0.606  9.19E+03 1.09E+04 1.69E+05 2.46E+02 3.70E+02 5.78E+02 7.33E+02 8.10E+02 8.98E+02 9.70E+02 1.04E+03 1.08E+03 1.01E+03 9.10E+02 7.43E+02 5.70E+02 4.10E+02 2.65E+02 1.37E+02 6.50E+01 3.00E+01 5.00E+00 0.00E+00 0.00E+00 0.00E+00 0.00E+00 0.00E+00 0.00E+00 0.00E+00 0.00E+00 0.00E+00 0.00E+00 0.00E+00 0.00E+00 0.00E+00 0.00E+00 0.00E+00 0.00E+00 0.00E+00 0.00E+00 0.00E+00 0.00E+00 0.00E+00 0.00E+00 0.00E+00 0.00E+00 0.00E+00 0.00E+00 0.00E+00 0.00E+00 0.00E+00 0.00E+00 0.00E+00
   7.50  0.627  1.59E+04 1.60E+04 2.49E+05 2.66E+02 6.22E+02 9.37E+02 1.20E+03 1.32E+03 1.32E+03 1.33E+03 1.42E+03 1.43E+03 1.33E+03 1.24E+03 1.10E+03 9.13E+02 6.68E+02 4.45E+02 2.55E+02 1.22E+02 4.83E+01 1.50E+01 1.67E+00 0.00E+00 0.00E+00 0.00E+00 0.00E+00 0.00E+00 0.00E+00 0.00E+00 0.00E+00 0.00E+00 0.00E+00 0.00E+00 0.00E+00 0.00E+00 0.00E+00 0.00E+00 0.00E+00 0.00E+00 0.00E+00 0.00E+00 0.00E+00 0.00E+00 0.00E+00 0.00E+00 0.00E+00 0.00E+00 0.00E+00 0.00E+00 0.00E+00 0.00E+00 0.00E+00
   8.00  0.647  2.85E+04 3.42E+04 5.39E+05 4.75E+02 1.18E+03 1.86E+03 2.33E+03 2.62E+03 2.84E+03 3.07E+03 3.27E+03 3.28E+03 3.18E+03 2.83E+03 2.39E+03 1.85E+03 1.33E+03 8.63E+02 5.18E+02 2.50E+02 6.67E+01 2.17E+01 1.67E+00 0.00E+00 0.00E+00 0.00E+00 0.00E+00 0.00E+00 0.00E+00 0.00E+00 0.00E+00 0.00E+00 0.00E+00 0.00E+00 0.00E+00 0.00E+00 0.00E+00 0.00E+00 0.00E+00 0.00E+00 0.00E+00 0.00E+00 0.00E+00 0.00E+00 0.00E+00 0.00E+00 0.00E+00 0.00E+00 0.00E+00 0.00E+00 0.00E+00 0.00E+00 0.00E+00
   8.50  0.667  5.11E+04 5.63E+04 8.93E+05 8.43E+02 2.28E+03 3.38E+03 4.07E+03 4.57E+03 4.81E+03 4.80E+03 4.78E+03 4.67E+03 4.56E+03 4.26E+03 3.75E+03 3.12E+03 2.38E+03 1.66E+03 1.09E+03 6.52E+02 3.57E+02 1.65E+02 7.33E+01 2.17E+01 1.17E+01 1.99E+01 3.33E+00 0.00E+00 0.00E+00 0.00E+00 0.00E+00 0.00E+00 0.00E+00 0.00E+00 0.00E+00 0.00E+00 0.00E+00 0.00E+00 0.00E+00 0.00E+00 0.00E+00 0.00E+00 0.00E+00 0.00E+00 0.00E+00 0.00E+00 0.00E+00 0.00E+00 0.00E+00 0.00E+00 0.00E+00 0.00E+00 0.00E+00
   9.00  0.687  9.75E+04 1.29E+05 2.16E+06 1.47E+03 4.27E+03 6.72E+03 8.45E+03 9.60E+03 1.03E+04 1.07E+04 1.11E+04 1.11E+04 1.07E+04 1.00E+04 8.93E+03 7.57E+03 6.08E+03 4.56E+03 3.19E+03 2.02E+03 1.18E+03 6.15E+02 3.00E+02 1.47E+02 7.00E+01 3.50E+01 1.00E+01 0.00E+00 0.00E+00 0.00E+00 0.00E+00 0.00E+00 0.00E+00 0.00E+00 0.00E+00 0.00E+00 0.00E+00 0.00E+00 0.00E+00 0.00E+00 0.00E+00 0.00E+00 0.00E+00 0.00E+00 0.00E+00 0.00E+00 0.00E+00 0.00E+00 0.00E+00 0.00E+00 0.00E+00 0.00E+00 0.00E+00
   9.50  0.705  1.83E+05 2.13E+05 3.62E+06 2.68E+03 7.30E+03 1.11E+04 1.42E+04 1.60E+04 1.71E+04 1.75E+04 1.72E+04 1.71E+04 1.66E+04 1.55E+04 1.40E+04 1.21E+04 1.01E+04 7.96E+03 5.87E+03 4.08E+03 2.70E+03 1.70E+03 1.03E+03 5.58E+02 2.82E+02 1.02E+02 3.83E+01 1.00E+01 3.33E+00 1.67E+00 0.00E+00 0.00E+00 0.00E+00 0.00E+00 0.00E+00 0.00E+00 0.00E+00 0.00E+00 0.00E+00 0.00E+00 0.00E+00 0.00E+00 0.00E+00 0.00E+00 0.00E+00 0.00E+00 0.00E+00 0.00E+00 0.00E+00 0.00E+00 0.00E+00 0.00E+00 0.00E+00
  10.00  0.724  3.43E+05 4.28E+05 7.56E+06 4.50E+03 1.28E+04 2.03E+04 2.63E+04 3.01E+04 3.28E+04 3.44E+04 3.46E+04 3.43E+04 3.33E+04 3.13E+04 2.86E+04 2.53E+04 2.17E+04 1.78E+04 1.37E+04 9.91E+03 6.74E+03 4.24E+03 2.60E+03 1.46E+03 7.90E+02 3.92E+02 1.62E+02 5.50E+01 2.00E+01 5.00E+00 0.00E+00 0.00E+00 0.00E+00 0.00E+00 0.00E+00 0.00E+00 0.00E+00 0.00E+00 0.00E+00 0.00E+00 0.00E+00 0.00E+00 0.00E+00 0.00E+00 0.00E+00 0.00E+00 0.00E+00 0.00E+00 0.00E+00 0.00E+00 0.00E+00 0.00E+00 0.00E+00
  11.00  0.759  1.21E+06 1.31E+06 2.43E+07 1.13E+04 3.38E+04 5.45E+04 7.23E+04 8.72E+04 9.78E+04 1.04E+05 1.05E+05 1.04E+05 9.94E+04 9.34E+04 8.59E+04 7.74E+04 6.80E+04 5.80E+04 4.75E+04 3.71E+04 2.75E+04 1.91E+04 1.27E+04 7.97E+03 4.61E+03 2.48E+03 1.20E+03 5.00E+02 1.70E+02 9.96E+01 6.67E+00 0.00E+00 0.00E+00 0.00E+00 0.00E+00 0.00E+00 0.00E+00 0.00E+00 0.00E+00 0.00E+00 0.00E+00 0.00E+00 0.00E+00 0.00E+00 0.00E+00 0.00E+00 0.00E+00 0.00E+00 0.00E+00 0.00E+00 0.00E+00 0.00E+00 0.00E+00
  12.00  0.793  3.83E+06 3.91E+06 7.49E+07 2.91E+04 8.85E+04 1.45E+05 1.97E+05 2.45E+05 2.80E+05 3.03E+05 3.12E+05 3.10E+05 2.98E+05 2.79E+05 2.56E+05 2.32E+05 2.06E+05 1.79E+05 1.50E+05 1.21E+05 9.37E+04 6.89E+04 4.80E+04 3.13E+04 1.90E+04 1.08E+04 5.54E+03 2.48E+03 9.70E+02 2.78E+02 4.50E+01 3.33E+00 0.00E+00 0.00E+00 0.00E+00 0.00E+00 0.00E+00 0.00E+00 0.00E+00 0.00E+00 0.00E+00 0.00E+00 0.00E+00 0.00E+00 0.00E+00 0.00E+00 0.00E+00 0.00E+00 0.00E+00 0.00E+00 0.00E+00 0.00E+00 0.00E+00
  13.00  0.825  1.22E+07 1.27E+07 2.51E+08 8.85E+04 2.67E+05 4.41E+05 6.06E+05 7.53E+05 8.71E+05 9.54E+05 9.95E+05 9.95E+05 9.66E+05 9.13E+05 8.46E+05 7.70E+05 6.86E+05 5.99E+05 5.11E+05 4.20E+05 3.33E+05 2.53E+05 1.82E+05 1.25E+05 8.02E+04 4.79E+04 2.65E+04 1.34E+04 6.01E+03 2.42E+03 8.52E+02 3.00E+02 1.55E+02 0.00E+00 0.00E+00 0.00E+00 0.00E+00 0.00E+00 0.00E+00 0.00E+00 0.00E+00 0.00E+00 0.00E+00 0.00E+00 0.00E+00 0.00E+00 0.00E+00 0.00E+00 0.00E+00 0.00E+00 0.00E+00 0.00E+00 0.00E+00
  14.00  0.856  3.95E+07 4.20E+07 8.53E+08 2.80E+05 8.34E+05 1.37E+06 1.88E+06 2.33E+06 2.70E+06 2.97E+06 3.13E+06 3.18E+06 3.12E+06 2.99E+06 2.80E+06 2.57E+06 2.31E+06 2.04E+06 1.75E+06 1.47E+06 1.20E+06 9.38E+05 7.07E+05 5.09E+05 3.49E+05 2.26E+05 1.38E+05 7.94E+04 4.27E+04 2.15E+04 1.04E+04 4.75E+03 3.43E+03 0.00E+00 0.00E+00 0.00E+00 0.00E+00 0.00E+00 0.00E+00 0.00E+00 0.00E+00 0.00E+00 0.00E+00 0.00E+00 0.00E+00 0.00E+00 0.00E+00 0.00E+00 0.00E+00 0.00E+00 0.00E+00 0.00E+00 0.00E+00
  15.00  0.886  1.01E+08 8.13E+07 1.69E+09 5.34E+05 1.59E+06 2.60E+06 3.53E+06 4.34E+06 5.01E+06 5.53E+06 5.86E+06 6.00E+06 5.96E+06 5.75E+06 5.42E+06 5.00E+06 4.51E+06 3.99E+06 3.47E+06 2.94E+06 2.43E+06 1.95E+06 1.51E+06 1.13E+06 8.07E+05 5.52E+05 3.61E+05 2.24E+05 1.32E+05 7.39E+04 3.91E+04 2.01E+04 1.67E+04 0.00E+00 0.00E+00 0.00E+00 0.00E+00 0.00E+00 0.00E+00 0.00E+00 0.00E+00 0.00E+00 0.00E+00 0.00E+00 0.00E+00 0.00E+00 0.00E+00 0.00E+00 0.00E+00 0.00E+00 0.00E+00 0.00E+00 0.00E+00
  16.00  0.915  2.21E+08 1.58E+08 3.37E+09 1.02E+06 3.02E+06 4.91E+06 6.61E+06 8.08E+06 9.30E+06 1.03E+07 1.10E+07 1.13E+07 1.14E+07 1.11E+07 1.05E+07 9.72E+06 8.80E+06 7.84E+06 6.86E+06 5.89E+06 4.95E+06 4.06E+06 3.23E+06 2.50E+06 1.87E+06 1.35E+06 9.40E+05 6.31E+05 4.09E+05 2.54E+05 1.48E+05 8.47E+04 8.10E+04 0.00E+00 0.00E+00 0.00E+00 0.00E+00 0.00E+00 0.00E+00 0.00E+00 0.00E+00 0.00E+00 0.00E+00 0.00E+00 0.00E+00 0.00E+00 0.00E+00 0.00E+00 0.00E+00 0.00E+00 0.00E+00 0.00E+00 0.00E+00
  17.00  0.944  4.54E+08 3.09E+08 6.80E+09 1.94E+06 5.75E+06 9.28E+06 1.24E+07 1.50E+07 1.73E+07 1.91E+07 2.05E+07 2.14E+07 2.17E+07 2.13E+07 2.03E+07 1.89E+07 1.72E+07 1.54E+07 1.36E+07 1.18E+07 1.01E+07 8.46E+06 6.91E+06 5.53E+06 4.32E+06 3.28E+06 2.45E+06 1.78E+06 1.27E+06 8.73E+05 5.59E+05 3.58E+05 3.94E+05 0.00E+00 0.00E+00 0.00E+00 0.00E+00 0.00E+00 0.00E+00 0.00E+00 0.00E+00 0.00E+00 0.00E+00 0.00E+00 0.00E+00 0.00E+00 0.00E+00 0.00E+00 0.00E+00 0.00E+00 0.00E+00 0.00E+00 0.00E+00
  18.00  0.971  9.14E+08 6.09E+08 1.39E+10 3.70E+06 1.09E+07 1.76E+07 2.32E+07 2.80E+07 3.20E+07 3.56E+07 3.84E+07 4.04E+07 4.14E+07 4.09E+07 3.94E+07 3.68E+07 3.35E+07 3.02E+07 2.68E+07 2.36E+07 2.05E+07 1.76E+07 1.48E+07 1.23E+07 1.00E+07 8.01E+06 6.38E+06 5.01E+06 3.92E+06 3.00E+06 2.11E+06 1.51E+06 1.91E+06 0.00E+00 0.00E+00 0.00E+00 0.00E+00 0.00E+00 0.00E+00 0.00E+00 0.00E+00 0.00E+00 0.00E+00 0.00E+00 0.00E+00 0.00E+00 0.00E+00 0.00E+00 0.00E+00 0.00E+00 0.00E+00 0.00E+00 0.00E+00
  19.00  0.998  1.83E+09 1.22E+09 2.93E+10 7.06E+06 2.08E+07 3.32E+07 4.35E+07 5.20E+07 5.94E+07 6.62E+07 7.19E+07 7.62E+07 7.89E+07 7.87E+07 7.64E+07 7.17E+07 6.54E+07 5.93E+07 5.30E+07 4.71E+07 4.17E+07 3.66E+07 3.16E+07 2.71E+07 2.31E+07 1.95E+07 1.66E+07 1.41E+07 1.21E+07 1.03E+07 7.99E+06 6.38E+06 9.30E+06 0.00E+00 0.00E+00 0.00E+00 0.00E+00 0.00E+00 0.00E+00 0.00E+00 0.00E+00 0.00E+00 0.00E+00 0.00E+00 0.00E+00 0.00E+00 0.00E+00 0.00E+00 0.00E+00 0.00E+00 0.00E+00 0.00E+00 0.00E+00
  20.00  1.024  3.68E+09 2.49E+09 6.43E+10 1.35E+07 3.96E+07 6.28E+07 8.16E+07 9.68E+07 1.10E+08 1.23E+08 1.35E+08 1.44E+08 1.51E+08 1.51E+08 1.48E+08 1.39E+08 1.28E+08 1.16E+08 1.05E+08 9.42E+07 8.48E+07 7.63E+07 6.76E+07 6.01E+07 5.35E+07 4.76E+07 4.33E+07 3.98E+07 3.76E+07 3.54E+07 3.02E+07 2.69E+07 4.52E+07 0.00E+00 0.00E+00 0.00E+00 0.00E+00 0.00E+00 0.00E+00 0.00E+00 0.00E+00 0.00E+00 0.00E+00 0.00E+00 0.00E+00 0.00E+00 0.00E+00 0.00E+00 0.00E+00 0.00E+00 0.00E+00 0.00E+00 0.00E+00
  22.50  1.086  3.01E+10 1.87E+10 6.55E+11 6.76E+07 1.98E+08 3.09E+08 3.93E+08 4.57E+08 5.16E+08 5.81E+08 6.45E+08 7.05E+08 7.56E+08 7.77E+08 7.73E+08 7.37E+08 6.80E+08 6.28E+08 5.77E+08 5.33E+08 5.00E+08 4.77E+08 4.52E+08 4.39E+08 4.36E+08 4.43E+08 4.75E+08 5.31E+08 6.34E+08 7.76E+08 8.39E+08 9.87E+08 2.36E+09 0.00E+00 0.00E+00 0.00E+00 0.00E+00 0.00E+00 0.00E+00 0.00E+00 0.00E+00 0.00E+00 0.00E+00 0.00E+00 0.00E+00 0.00E+00 0.00E+00 0.00E+00 0.00E+00 0.00E+00 0.00E+00 0.00E+00 0.00E+00
  25.00  1.144  4.15E+11 2.89E+11 1.44E+13 3.39E+08 9.88E+08 1.52E+09 1.89E+09 2.16E+09 2.42E+09 2.74E+09 3.09E+09 3.45E+09 3.80E+09 3.98E+09 4.04E+09 3.90E+09 3.62E+09 3.39E+09 3.17E+09 3.02E+09 2.95E+09 2.98E+09 3.02E+09 3.21E+09 3.55E+09 4.11E+09 5.21E+09 7.08E+09 1.07E+10 1.70E+10 2.33E+10 3.62E+10 1.23E+11 0.00E+00 0.00E+00 0.00E+00 0.00E+00 0.00E+00 0.00E+00 0.00E+00 0.00E+00 0.00E+00 0.00E+00 0.00E+00 0.00E+00 0.00E+00 0.00E+00 0.00E+00 0.00E+00 0.00E+00 0.00E+00 0.00E+00 0.00E+00
  30.00  1.254  1.04E+15 4.15E+14 2.41E+16 8.55E+09 2.46E+10 3.67E+10 4.37E+10 4.82E+10 5.32E+10 6.11E+10 7.10E+10 8.27E+10 9.60E+10 1.05E+11 1.10E+11 1.09E+11 1.02E+11 9.88E+10 9.59E+10 9.65E+10 1.03E+11 1.17E+11 1.35E+11 1.71E+11 2.36E+11 3.55E+11 6.26E+11 1.26E+12 3.05E+12 8.15E+12 1.80E+13 4.85E+13 3.33E+14 0.00E+00 0.00E+00 0.00E+00 0.00E+00 0.00E+00 0.00E+00 0.00E+00 0.00E+00 0.00E+00 0.00E+00 0.00E+00 0.00E+00 0.00E+00 0.00E+00 0.00E+00 0.00E+00 0.00E+00 0.00E+00 0.00E+00 0.00E+00
  40.00  1.447  3.74E+16 6.86E+15 2.97E+17 5.43E+12 1.53E+13 2.14E+13 2.34E+13 2.40E+13 2.57E+13 3.03E+13 3.75E+13 4.76E+13 6.12E+13 7.26E+13 8.22E+13 8.48E+13 8.22E+13 8.39E+13 8.77E+13 9.89E+13 1.25E+14 1.78E+14 2.69E+14 4.86E+14 1.04E+15 2.65E+15 1.87E+12 3.77E+12 9.12E+12 2.44E+13 5.39E+13 1.46E+14 9.98E+14 0.00E+00 0.00E+00 0.00E+00 0.00E+00 0.00E+00 0.00E+00 0.00E+00 0.00E+00 0.00E+00 0.00E+00 0.00E+00 0.00E+00 0.00E+00 0.00E+00 0.00E+00 0.00E+00 0.00E+00 0.00E+00 0.00E+00 0.00E+00
  50.00  1.618  1.47E+17 1.50E+16 6.66E+17 1.09E+13 3.06E+13 4.28E+13 4.68E+13 4.79E+13 5.13E+13 6.05E+13 7.48E+13 9.51E+13 1.22E+14 1.45E+14 1.64E+14 1.69E+14 1.64E+14 1.68E+14 1.75E+14 1.98E+14 2.50E+14 3.56E+14 5.38E+14 9.71E+14 2.07E+15 5.29E+15 5.57E+12 1.13E+13 2.73E+13 7.32E+13 1.61E+14 4.36E+14 2.99E+15 0.00E+00 0.00E+00 0.00E+00 0.00E+00 0.00E+00 0.00E+00 0.00E+00 0.00E+00 0.00E+00 0.00E+00 0.00E+00 0.00E+00 0.00E+00 0.00E+00 0.00E+00 0.00E+00 0.00E+00 0.00E+00 0.00E+00 0.00E+00
  60.00  1.773  3.89E+17 3.36E+16 1.55E+18 2.17E+13 6.12E+13 8.55E+13 9.35E+13 9.57E+13 1.03E+14 1.21E+14 1.50E+14 1.90E+14 2.44E+14 2.90E+14 3.28E+14 3.39E+14 3.29E+14 3.35E+14 3.50E+14 3.95E+14 4.99E+14 7.11E+14 1.08E+15 1.94E+15 4.15E+15 1.06E+16 1.66E+13 3.36E+13 8.17E+13 2.19E+14 4.84E+14 1.31E+15 8.98E+15 0.00E+00 0.00E+00 0.00E+00 0.00E+00 0.00E+00 0.00E+00 0.00E+00 0.00E+00 0.00E+00 0.00E+00 0.00E+00 0.00E+00 0.00E+00 0.00E+00 0.00E+00 0.00E+00 0.00E+00 0.00E+00 0.00E+00 0.00E+00
  70.00  1.915  9.49E+17 7.83E+16 3.75E+18 4.34E+13 1.22E+14 1.71E+14 1.87E+14 1.91E+14 2.05E+14 2.42E+14 2.99E+14 3.80E+14 4.89E+14 5.80E+14 6.56E+14 6.77E+14 6.57E+14 6.70E+14 7.00E+14 7.90E+14 9.98E+14 1.42E+15 2.15E+15 3.88E+15 8.30E+15 2.12E+16 4.96E+13 1.01E+14 2.44E+14 6.57E+14 1.45E+15 3.92E+15 2.69E+16 0.00E+00 0.00E+00 0.00E+00 0.00E+00 0.00E+00 0.00E+00 0.00E+00 0.00E+00 0.00E+00 0.00E+00 0.00E+00 0.00E+00 0.00E+00 0.00E+00 0.00E+00 0.00E+00 0.00E+00 0.00E+00 0.00E+00 0.00E+00
  80.00  2.047  2.29E+18 1.90E+17 9.44E+18 8.66E+13 2.45E+14 3.41E+14 3.73E+14 3.82E+14 4.09E+14 4.83E+14 5.97E+14 7.59E+14 9.76E+14 1.16E+15 1.31E+15 1.35E+15 1.31E+15 1.34E+15 1.40E+15 1.58E+15 2.00E+15 2.84E+15 4.30E+15 7.77E+15 1.66E+16 4.23E+16 1.48E+14 3.01E+14 7.32E+14 1.97E+15 4.35E+15 1.18E+16 8.08E+16 0.00E+00 0.00E+00 0.00E+00 0.00E+00 0.00E+00 0.00E+00 0.00E+00 0.00E+00 0.00E+00 0.00E+00 0.00E+00 0.00E+00 0.00E+00 0.00E+00 0.00E+00 0.00E+00 0.00E+00 0.00E+00 0.00E+00 0.00E+00
  90.00  2.171  5.64E+18 4.80E+17 2.47E+19 1.73E+14 4.89E+14 6.82E+14 7.46E+14 7.63E+14 8.18E+14 9.64E+14 1.19E+15 1.52E+15 1.95E+15 2.31E+15 2.62E+15 2.70E+15 2.62E+15 2.68E+15 2.80E+15 3.16E+15 3.99E+15 5.69E+15 8.61E+15 1.55E+16 3.32E+16 8.47E+16 4.42E+14 8.98E+14 2.19E+15 5.89E+15 1.30E+16 3.53E+16 2.42E+17 0.00E+00 0.00E+00 0.00E+00 0.00E+00 0.00E+00 0.00E+00 0.00E+00 0.00E+00 0.00E+00 0.00E+00 0.00E+00 0.00E+00 0.00E+00 0.00E+00 0.00E+00 0.00E+00 0.00E+00 0.00E+00 0.00E+00 0.00E+00
 100.00  2.289  1.43E+19 1.26E+18 6.69E+19 3.46E+14 9.77E+14 1.36E+15 1.49E+15 1.53E+15 1.63E+15 1.93E+15 2.38E+15 3.03E+15 3.90E+15 4.63E+15 5.24E+15 5.41E+15 5.24E+15 5.35E+15 5.59E+15 6.31E+15 7.98E+15 1.14E+16 1.72E+16 3.11E+16 6.63E+16 1.69E+17 1.32E+15 2.68E+15 6.55E+15 1.77E+16 3.91E+16 1.06E+17 7.27E+17 0.00E+00 0.00E+00 0.00E+00 0.00E+00 0.00E+00 0.00E+00 0.00E+00 0.00E+00 0.00E+00 0.00E+00 0.00E+00 0.00E+00 0.00E+00 0.00E+00 0.00E+00 0.00E+00 0.00E+00 0.00E+00 0.00E+00 0.00E+00
 110.00  2.400  3.77E+19 3.42E+18 1.86E+20 6.91E+14 1.95E+15 2.72E+15 2.98E+15 3.05E+15 3.27E+15 3.85E+15 4.76E+15 6.05E+15 7.79E+15 9.25E+15 1.05E+16 1.08E+16 1.05E+16 1.07E+16 1.12E+16 1.26E+16 1.59E+16 2.27E+16 3.44E+16 6.21E+16 1.33E+17 3.39E+17 3.93E+15 8.02E+15 1.96E+16 5.29E+16 1.17E+17 3.17E+17 2.18E+18 0.00E+00 0.00E+00 0.00E+00 0.00E+00 0.00E+00 0.00E+00 0.00E+00 0.00E+00 0.00E+00 0.00E+00 0.00E+00 0.00E+00 0.00E+00 0.00E+00 0.00E+00 0.00E+00 0.00E+00 0.00E+00 0.00E+00 0.00E+00
 120.00  2.507  1.02E+20 9.53E+18 5.30E+20 1.38E+15 3.90E+15 5.44E+15 5.95E+15 6.09E+15 6.52E+15 7.69E+15 9.52E+15 1.21E+16 1.56E+16 1.85E+16 2.09E+16 2.16E+16 2.10E+16 2.14E+16 2.23E+16 2.52E+16 3.19E+16 4.54E+16 6.88E+16 1.24E+17 2.65E+17 6.77E+17 1.17E+16 2.40E+16 5.87E+16 1.58E+17 3.51E+17 9.51E+17 6.54E+18 0.00E+00 0.00E+00 0.00E+00 0.00E+00 0.00E+00 0.00E+00 0.00E+00 0.00E+00 0.00E+00 0.00E+00 0.00E+00 0.00E+00 0.00E+00 0.00E+00 0.00E+00 0.00E+00 0.00E+00 0.00E+00 0.00E+00 0.00E+00
 130.00  2.610  2.86E+20 2.71E+19 1.53E+21 2.76E+15 7.80E+15 1.09E+16 1.19E+16 1.22E+16 1.30E+16 1.54E+16 1.90E+16 2.42E+16 3.11E+16 3.69E+16 4.18E+16 4.32E+16 4.19E+16 4.27E+16 4.47E+16 5.04E+16 6.37E+16 9.09E+16 1.38E+17 2.48E+17 5.31E+17 1.35E+18 3.50E+16 7.17E+16 1.76E+17 4.75E+17 1.05E+18 2.85E+18 1.96E+19 0.00E+00 0.00E+00 0.00E+00 0.00E+00 0.00E+00 0.00E+00 0.00E+00 0.00E+00 0.00E+00 0.00E+00 0.00E+00 0.00E+00 0.00E+00 0.00E+00 0.00E+00 0.00E+00 0.00E+00 0.00E+00 0.00E+00 0.00E+00
 140.00  2.708  8.14E+20 7.85E+19 4.48E+21 5.52E+15 1.56E+16 2.17E+16 2.38E+16 2.43E+16 2.60E+16 3.07E+16 3.80E+16 4.83E+16 6.22E+16 7.38E+16 8.36E+16 8.63E+16 8.37E+16 8.54E+16 8.93E+16 1.01E+17 1.27E+17 1.82E+17 2.75E+17 4.97E+17 1.06E+18 2.71E+18 1.04E+17 2.14E+17 5.26E+17 1.42E+18 3.15E+18 8.55E+18 5.88E+19 0.00E+00 0.00E+00 0.00E+00 0.00E+00 0.00E+00 0.00E+00 0.00E+00 0.00E+00 0.00E+00 0.00E+00 0.00E+00 0.00E+00 0.00E+00 0.00E+00 0.00E+00 0.00E+00 0.00E+00 0.00E+00 0.00E+00 0.00E+00
 150.00  2.803  2.36E+21 2.30E+20 1.32E+22 1.10E+16 3.11E+16 4.34E+16 4.75E+16 4.86E+16 5.20E+16 6.13E+16 7.59E+16 9.65E+16 1.24E+17 1.48E+17 1.67E+17 1.72E+17 1.67E+17 1.71E+17 1.78E+17 2.01E+17 2.55E+17 3.63E+17 5.50E+17 9.93E+17 2.12E+18 5.42E+18 3.11E+17 6.40E+17 1.57E+18 4.26E+18 9.45E+18 2.56E+19 1.76E+20 0.00E+00 0.00E+00 0.00E+00 0.00E+00 0.00E+00 0.00E+00 0.00E+00 0.00E+00 0.00E+00 0.00E+00 0.00E+00 0.00E+00 0.00E+00 0.00E+00 0.00E+00 0.00E+00 0.00E+00 0.00E+00 0.00E+00 0.00E+00
 160.00  2.895  6.89E+21 6.77E+20 3.91E+22 2.20E+16 6.22E+16 8.68E+16 9.49E+16 9.70E+16 1.04E+17 1.23E+17 1.52E+17 1.93E+17 2.48E+17 2.95E+17 3.34E+17 3.45E+17 3.34E+17 3.41E+17 3.57E+17 4.03E+17 5.09E+17 7.26E+17 1.10E+18 1.99E+18 4.24E+18 1.08E+19 9.29E+17 1.91E+18 4.71E+18 1.28E+19 2.83E+19 7.69E+19 5.29E+20 0.00E+00 0.00E+00 0.00E+00 0.00E+00 0.00E+00 0.00E+00 0.00E+00 0.00E+00 0.00E+00 0.00E+00 0.00E+00 0.00E+00 0.00E+00 0.00E+00 0.00E+00 0.00E+00 0.00E+00 0.00E+00 0.00E+00 0.00E+00
 170.00  2.984  2.03E+22 2.01E+21 1.16E+23 4.40E+16 1.24E+17 1.73E+17 1.90E+17 1.94E+17 2.08E+17 2.45E+17 3.03E+17 3.85E+17 4.96E+17 5.89E+17 6.67E+17 6.89E+17 6.68E+17 6.82E+17 7.13E+17 8.05E+17 1.02E+18 1.45E+18 2.20E+18 3.97E+18 8.48E+18 2.17E+19 2.77E+18 5.72E+18 1.41E+19 3.82E+19 8.49E+19 2.30E+20 1.59E+21 0.00E+00 0.00E+00 0.00E+00 0.00E+00 0.00E+00 0.00E+00 0.00E+00 0.00E+00 0.00E+00 0.00E+00 0.00E+00 0.00E+00 0.00E+00 0.00E+00 0.00E+00 0.00E+00 0.00E+00 0.00E+00 0.00E+00 0.00E+00
 180.00  3.071  6.03E+22 5.98E+21 3.47E+23 8.80E+16 2.48E+17 3.47E+17 3.79E+17 3.87E+17 4.15E+17 4.89E+17 6.06E+17 7.70E+17 9.92E+17 1.18E+18 1.33E+18 1.38E+18 1.34E+18 1.36E+18 1.43E+18 1.61E+18 2.03E+18 2.90E+18 4.40E+18 7.94E+18 1.70E+19 4.33E+19 8.27E+18 1.71E+19 4.22E+19 1.15E+20 2.55E+20 6.91E+20 4.76E+21 0.00E+00 0.00E+00 0.00E+00 0.00E+00 0.00E+00 0.00E+00 0.00E+00 0.00E+00 0.00E+00 0.00E+00 0.00E+00 0.00E+00 0.00E+00 0.00E+00 0.00E+00 0.00E+00 0.00E+00 0.00E+00 0.00E+00 0.00E+00
 190.00  3.155  1.79E+23 1.78E+22 1.04E+24 1.76E+17 4.97E+17 6.93E+17 7.57E+17 7.74E+17 8.29E+17 9.77E+17 1.21E+18 1.54E+18 1.98E+18 2.35E+18 2.67E+18 2.75E+18 2.67E+18 2.72E+18 2.85E+18 3.22E+18 4.07E+18 5.80E+18 8.79E+18 1.59E+19 3.39E+19 8.66E+19 2.47E+19 5.11E+19 1.26E+20 3.43E+20 7.63E+20 2.07E+21 1.43E+22 0.00E+00 0.00E+00 0.00E+00 0.00E+00 0.00E+00 0.00E+00 0.00E+00 0.00E+00 0.00E+00 0.00E+00 0.00E+00 0.00E+00 0.00E+00 0.00E+00 0.00E+00 0.00E+00 0.00E+00 0.00E+00 0.00E+00 0.00E+00
 200.00  3.237  5.35E+23 5.33E+22 3.10E+24 3.52E+17 9.92E+17 1.38E+18 1.51E+18 1.55E+18 1.66E+18 1.95E+18 2.42E+18 3.08E+18 3.96E+18 4.70E+18 5.33E+18 5.50E+18 5.34E+18 5.44E+18 5.70E+18 6.43E+18 8.13E+18 1.16E+19 1.76E+19 3.17E+19 6.79E+19 1.73E+20 7.36E+19 1.53E+20 3.78E+20 1.03E+21 2.29E+21 6.21E+21 4.28E+22 0.00E+00 0.00E+00 0.00E+00 0.00E+00 0.00E+00 0.00E+00 0.00E+00 0.00E+00 0.00E+00 0.00E+00 0.00E+00 0.00E+00 0.00E+00 0.00E+00 0.00E+00 0.00E+00 0.00E+00 0.00E+00 0.00E+00 0.00E+00
 
                    *********************************************************************************
                    *  Z= 83 A=210: Negative-parity Spin-dependent Level Density [MeV-1] for BI210  *
                    *********************************************************************************
 U[MeV]  T[MeV]  NCUMUL   RHOOBS   RHOTOT     J=00     J=01     J=02     J=03     J=04     J=05     J=06     J=07     J=08     J=09     J=10     J=11     J=12     J=13     J=14     J=15     J=16     J=17     J=18     J=19     J=20     J=21     J=22     J=23     J=24     J=25     J=26     J=27     J=28     J=29     J=30     J=31     J=32     J=33     J=34     J=35     J=36     J=37     J=38     J=39     J=40     J=41     J=42     J=43     J=44     J=45     J=46     J=47     J=48     J=49
   0.25  0.114  1.00E+00 1.67E+00 1.67E+00 1.67E+00 0.00E+00 0.00E+00 0.00E+00 0.00E+00 0.00E+00 0.00E+00 0.00E+00 0.00E+00 0.00E+00 0.00E+00 0.00E+00 0.00E+00 0.00E+00 0.00E+00 0.00E+00 0.00E+00 0.00E+00 0.00E+00 0.00E+00 0.00E+00 0.00E+00 0.00E+00 0.00E+00 0.00E+00 0.00E+00 0.00E+00 0.00E+00 0.00E+00 0.00E+00 0.00E+00 0.00E+00 0.00E+00 0.00E+00 0.00E+00 0.00E+00 0.00E+00 0.00E+00 0.00E+00 0.00E+00 0.00E+00 0.00E+00 0.00E+00 0.00E+00 0.00E+00 0.00E+00 0.00E+00 0.00E+00 0.00E+00 0.00E+00
   0.50  0.162  1.00E+00 0.00E+00 0.00E+00 0.00E+00 0.00E+00 0.00E+00 0.00E+00 0.00E+00 0.00E+00 0.00E+00 0.00E+00 0.00E+00 0.00E+00 0.00E+00 0.00E+00 0.00E+00 0.00E+00 0.00E+00 0.00E+00 0.00E+00 0.00E+00 0.00E+00 0.00E+00 0.00E+00 0.00E+00 0.00E+00 0.00E+00 0.00E+00 0.00E+00 0.00E+00 0.00E+00 0.00E+00 0.00E+00 0.00E+00 0.00E+00 0.00E+00 0.00E+00 0.00E+00 0.00E+00 0.00E+00 0.00E+00 0.00E+00 0.00E+00 0.00E+00 0.00E+00 0.00E+00 0.00E+00 0.00E+00 0.00E+00 0.00E+00 0.00E+00 0.00E+00 0.00E+00
   0.75  0.198  1.00E+00 1.67E+00 1.67E+00 1.67E+00 0.00E+00 0.00E+00 0.00E+00 0.00E+00 0.00E+00 0.00E+00 0.00E+00 0.00E+00 0.00E+00 0.00E+00 0.00E+00 0.00E+00 0.00E+00 0.00E+00 0.00E+00 0.00E+00 0.00E+00 0.00E+00 0.00E+00 0.00E+00 0.00E+00 0.00E+00 0.00E+00 0.00E+00 0.00E+00 0.00E+00 0.00E+00 0.00E+00 0.00E+00 0.00E+00 0.00E+00 0.00E+00 0.00E+00 0.00E+00 0.00E+00 0.00E+00 0.00E+00 0.00E+00 0.00E+00 0.00E+00 0.00E+00 0.00E+00 0.00E+00 0.00E+00 0.00E+00 0.00E+00 0.00E+00 0.00E+00 0.00E+00
   1.00  0.229  2.00E+00 1.67E+00 1.67E+00 1.67E+00 0.00E+00 0.00E+00 0.00E+00 0.00E+00 0.00E+00 0.00E+00 0.00E+00 0.00E+00 0.00E+00 0.00E+00 0.00E+00 0.00E+00 0.00E+00 0.00E+00 0.00E+00 0.00E+00 0.00E+00 0.00E+00 0.00E+00 0.00E+00 0.00E+00 0.00E+00 0.00E+00 0.00E+00 0.00E+00 0.00E+00 0.00E+00 0.00E+00 0.00E+00 0.00E+00 0.00E+00 0.00E+00 0.00E+00 0.00E+00 0.00E+00 0.00E+00 0.00E+00 0.00E+00 0.00E+00 0.00E+00 0.00E+00 0.00E+00 0.00E+00 0.00E+00 0.00E+00 0.00E+00 0.00E+00 0.00E+00 0.00E+00
   1.25  0.256  2.00E+00 1.67E+00 1.67E+00 1.67E+00 0.00E+00 0.00E+00 0.00E+00 0.00E+00 0.00E+00 0.00E+00 0.00E+00 0.00E+00 0.00E+00 0.00E+00 0.00E+00 0.00E+00 0.00E+00 0.00E+00 0.00E+00 0.00E+00 0.00E+00 0.00E+00 0.00E+00 0.00E+00 0.00E+00 0.00E+00 0.00E+00 0.00E+00 0.00E+00 0.00E+00 0.00E+00 0.00E+00 0.00E+00 0.00E+00 0.00E+00 0.00E+00 0.00E+00 0.00E+00 0.00E+00 0.00E+00 0.00E+00 0.00E+00 0.00E+00 0.00E+00 0.00E+00 0.00E+00 0.00E+00 0.00E+00 0.00E+00 0.00E+00 0.00E+00 0.00E+00 0.00E+00
   1.50  0.280  2.00E+00 0.00E+00 0.00E+00 0.00E+00 0.00E+00 0.00E+00 0.00E+00 0.00E+00 0.00E+00 0.00E+00 0.00E+00 0.00E+00 0.00E+00 0.00E+00 0.00E+00 0.00E+00 0.00E+00 0.00E+00 0.00E+00 0.00E+00 0.00E+00 0.00E+00 0.00E+00 0.00E+00 0.00E+00 0.00E+00 0.00E+00 0.00E+00 0.00E+00 0.00E+00 0.00E+00 0.00E+00 0.00E+00 0.00E+00 0.00E+00 0.00E+00 0.00E+00 0.00E+00 0.00E+00 0.00E+00 0.00E+00 0.00E+00 0.00E+00 0.00E+00 0.00E+00 0.00E+00 0.00E+00 0.00E+00 0.00E+00 0.00E+00 0.00E+00 0.00E+00 0.00E+00
   1.75  0.303  2.00E+00 1.67E+00 3.50E+01 0.00E+00 0.00E+00 0.00E+00 0.00E+00 0.00E+00 0.00E+00 0.00E+00 0.00E+00 0.00E+00 0.00E+00 1.67E+00 0.00E+00 0.00E+00 0.00E+00 0.00E+00 0.00E+00 0.00E+00 0.00E+00 0.00E+00 0.00E+00 0.00E+00 0.00E+00 0.00E+00 0.00E+00 0.00E+00 0.00E+00 0.00E+00 0.00E+00 0.00E+00 0.00E+00 0.00E+00 0.00E+00 0.00E+00 0.00E+00 0.00E+00 0.00E+00 0.00E+00 0.00E+00 0.00E+00 0.00E+00 0.00E+00 0.00E+00 0.00E+00 0.00E+00 0.00E+00 0.00E+00 0.00E+00 0.00E+00 0.00E+00 0.00E+00
   2.00  0.324  5.00E+00 1.87E+01 2.16E+02 1.67E+00 0.00E+00 2.61E+00 2.80E+00 1.67E+00 0.00E+00 1.67E+00 3.33E+00 1.67E+00 1.67E+00 1.67E+00 0.00E+00 0.00E+00 0.00E+00 0.00E+00 0.00E+00 0.00E+00 0.00E+00 0.00E+00 0.00E+00 0.00E+00 0.00E+00 0.00E+00 0.00E+00 0.00E+00 0.00E+00 0.00E+00 0.00E+00 0.00E+00 0.00E+00 0.00E+00 0.00E+00 0.00E+00 0.00E+00 0.00E+00 0.00E+00 0.00E+00 0.00E+00 0.00E+00 0.00E+00 0.00E+00 0.00E+00 0.00E+00 0.00E+00 0.00E+00 0.00E+00 0.00E+00 0.00E+00 0.00E+00 0.00E+00
   2.25  0.343  1.30E+01 4.34E+01 4.73E+02 1.67E+00 2.07E+00 3.21E+00 6.30E+00 8.33E+00 3.33E+00 3.33E+00 6.78E+00 5.00E+00 3.33E+00 0.00E+00 0.00E+00 0.00E+00 0.00E+00 0.00E+00 0.00E+00 0.00E+00 0.00E+00 0.00E+00 0.00E+00 0.00E+00 0.00E+00 0.00E+00 0.00E+00 0.00E+00 0.00E+00 0.00E+00 0.00E+00 0.00E+00 0.00E+00 0.00E+00 0.00E+00 0.00E+00 0.00E+00 0.00E+00 0.00E+00 0.00E+00 0.00E+00 0.00E+00 0.00E+00 0.00E+00 0.00E+00 0.00E+00 0.00E+00 0.00E+00 0.00E+00 0.00E+00 0.00E+00 0.00E+00 0.00E+00
   2.50  0.362  2.50E+01 5.88E+01 5.59E+02 3.33E+00 5.41E+00 6.54E+00 7.96E+00 1.05E+01 6.67E+00 5.00E+00 6.78E+00 5.00E+00 1.67E+00 0.00E+00 0.00E+00 0.00E+00 0.00E+00 0.00E+00 0.00E+00 0.00E+00 0.00E+00 0.00E+00 0.00E+00 0.00E+00 0.00E+00 0.00E+00 0.00E+00 0.00E+00 0.00E+00 0.00E+00 0.00E+00 0.00E+00 0.00E+00 0.00E+00 0.00E+00 0.00E+00 0.00E+00 0.00E+00 0.00E+00 0.00E+00 0.00E+00 0.00E+00 0.00E+00 0.00E+00 0.00E+00 0.00E+00 0.00E+00 0.00E+00 0.00E+00 0.00E+00 0.00E+00 0.00E+00 0.00E+00
   2.75  0.380  3.80E+01 4.40E+01 3.97E+02 3.33E+00 5.00E+00 5.00E+00 6.67E+00 8.80E+00 3.33E+00 3.43E+00 3.33E+00 3.33E+00 0.00E+00 5.57E-02 1.67E+00 0.00E+00 0.00E+00 0.00E+00 0.00E+00 0.00E+00 0.00E+00 0.00E+00 0.00E+00 0.00E+00 0.00E+00 0.00E+00 0.00E+00 0.00E+00 0.00E+00 0.00E+00 0.00E+00 0.00E+00 0.00E+00 0.00E+00 0.00E+00 0.00E+00 0.00E+00 0.00E+00 0.00E+00 0.00E+00 0.00E+00 0.00E+00 0.00E+00 0.00E+00 0.00E+00 0.00E+00 0.00E+00 0.00E+00 0.00E+00 0.00E+00 0.00E+00 0.00E+00 0.00E+00
   3.00  0.396  5.00E+01 4.82E+01 5.68E+02 1.67E+00 5.00E+00 3.47E+00 5.37E+00 5.20E+00 5.00E+00 6.76E+00 3.33E+00 1.87E+00 3.52E+00 3.39E+00 1.96E+00 1.67E+00 0.00E+00 0.00E+00 0.00E+00 0.00E+00 0.00E+00 0.00E+00 0.00E+00 0.00E+00 0.00E+00 0.00E+00 0.00E+00 0.00E+00 0.00E+00 0.00E+00 0.00E+00 0.00E+00 0.00E+00 0.00E+00 0.00E+00 0.00E+00 0.00E+00 0.00E+00 0.00E+00 0.00E+00 0.00E+00 0.00E+00 0.00E+00 0.00E+00 0.00E+00 0.00E+00 0.00E+00 0.00E+00 0.00E+00 0.00E+00 0.00E+00 0.00E+00 0.00E+00
   3.25  0.413  7.30E+01 1.36E+02 1.69E+03 1.00E+01 7.77E+00 5.17E+00 1.25E+01 6.87E+00 1.83E+01 2.34E+01 1.00E+01 1.41E+01 1.18E+01 7.70E+00 6.96E+00 1.67E+00 0.00E+00 0.00E+00 0.00E+00 0.00E+00 0.00E+00 0.00E+00 0.00E+00 0.00E+00 0.00E+00 0.00E+00 0.00E+00 0.00E+00 0.00E+00 0.00E+00 0.00E+00 0.00E+00 0.00E+00 0.00E+00 0.00E+00 0.00E+00 0.00E+00 0.00E+00 0.00E+00 0.00E+00 0.00E+00 0.00E+00 0.00E+00 0.00E+00 0.00E+00 0.00E+00 0.00E+00 0.00E+00 0.00E+00 0.00E+00 0.00E+00 0.00E+00 0.00E+00
   3.50  0.428  1.20E+02 2.40E+02 2.71E+03 1.33E+01 9.44E+00 2.44E+01 2.58E+01 2.67E+01 3.17E+01 3.00E+01 2.67E+01 2.05E+01 1.67E+01 7.64E+00 5.29E+00 1.67E+00 0.00E+00 0.00E+00 0.00E+00 0.00E+00 0.00E+00 0.00E+00 0.00E+00 0.00E+00 0.00E+00 0.00E+00 0.00E+00 0.00E+00 0.00E+00 0.00E+00 0.00E+00 0.00E+00 0.00E+00 0.00E+00 0.00E+00 0.00E+00 0.00E+00 0.00E+00 0.00E+00 0.00E+00 0.00E+00 0.00E+00 0.00E+00 0.00E+00 0.00E+00 0.00E+00 0.00E+00 0.00E+00 0.00E+00 0.00E+00 0.00E+00 0.00E+00 0.00E+00
   3.75  0.443  1.82E+02 2.57E+02 2.52E+03 1.83E+01 1.99E+01 3.20E+01 3.29E+01 3.50E+01 3.33E+01 2.17E+01 2.67E+01 1.72E+01 1.33E+01 6.67E+00 0.00E+00 0.00E+00 0.00E+00 0.00E+00 0.00E+00 0.00E+00 0.00E+00 0.00E+00 0.00E+00 0.00E+00 0.00E+00 0.00E+00 0.00E+00 0.00E+00 0.00E+00 0.00E+00 0.00E+00 0.00E+00 0.00E+00 0.00E+00 0.00E+00 0.00E+00 0.00E+00 0.00E+00 0.00E+00 0.00E+00 0.00E+00 0.00E+00 0.00E+00 0.00E+00 0.00E+00 0.00E+00 0.00E+00 0.00E+00 0.00E+00 0.00E+00 0.00E+00 0.00E+00 0.00E+00
   4.00  0.458  2.47E+02 2.62E+02 2.70E+03 2.33E+01 1.78E+01 2.89E+01 3.40E+01 2.50E+01 3.00E+01 1.67E+01 3.67E+01 2.67E+01 1.50E+01 5.00E+00 1.67E+00 1.67E+00 0.00E+00 0.00E+00 0.00E+00 0.00E+00 0.00E+00 0.00E+00 0.00E+00 0.00E+00 0.00E+00 0.00E+00 0.00E+00 0.00E+00 0.00E+00 0.00E+00 0.00E+00 0.00E+00 0.00E+00 0.00E+00 0.00E+00 0.00E+00 0.00E+00 0.00E+00 0.00E+00 0.00E+00 0.00E+00 0.00E+00 0.00E+00 0.00E+00 0.00E+00 0.00E+00 0.00E+00 0.00E+00 0.00E+00 0.00E+00 0.00E+00 0.00E+00 0.00E+00
   4.25  0.472  3.59E+02 6.32E+02 8.03E+03 2.17E+01 2.63E+01 3.64E+01 5.14E+01 5.67E+01 7.33E+01 9.00E+01 9.33E+01 8.00E+01 4.83E+01 2.83E+01 1.83E+01 8.33E+00 0.00E+00 0.00E+00 0.00E+00 0.00E+00 0.00E+00 0.00E+00 0.00E+00 0.00E+00 0.00E+00 0.00E+00 0.00E+00 0.00E+00 0.00E+00 0.00E+00 0.00E+00 0.00E+00 0.00E+00 0.00E+00 0.00E+00 0.00E+00 0.00E+00 0.00E+00 0.00E+00 0.00E+00 0.00E+00 0.00E+00 0.00E+00 0.00E+00 0.00E+00 0.00E+00 0.00E+00 0.00E+00 0.00E+00 0.00E+00 0.00E+00 0.00E+00 0.00E+00
   4.50  0.486  5.54E+02 9.27E+02 1.16E+04 3.33E+01 3.51E+01 5.21E+01 9.27E+01 9.00E+01 1.13E+02 1.23E+02 1.22E+02 1.03E+02 7.33E+01 4.67E+01 3.17E+01 1.00E+01 0.00E+00 0.00E+00 0.00E+00 0.00E+00 0.00E+00 0.00E+00 0.00E+00 0.00E+00 0.00E+00 0.00E+00 0.00E+00 0.00E+00 0.00E+00 0.00E+00 0.00E+00 0.00E+00 0.00E+00 0.00E+00 0.00E+00 0.00E+00 0.00E+00 0.00E+00 0.00E+00 0.00E+00 0.00E+00 0.00E+00 0.00E+00 0.00E+00 0.00E+00 0.00E+00 0.00E+00 0.00E+00 0.00E+00 0.00E+00 0.00E+00 0.00E+00 0.00E+00
   4.75  0.499  7.99E+02 1.04E+03 1.20E+04 5.83E+01 5.22E+01 7.00E+01 1.29E+02 1.03E+02 1.32E+02 1.23E+02 1.23E+02 1.05E+02 7.50E+01 4.50E+01 1.67E+01 5.00E+00 1.67E+00 0.00E+00 0.00E+00 0.00E+00 0.00E+00 0.00E+00 0.00E+00 0.00E+00 0.00E+00 0.00E+00 0.00E+00 0.00E+00 0.00E+00 0.00E+00 0.00E+00 0.00E+00 0.00E+00 0.00E+00 0.00E+00 0.00E+00 0.00E+00 0.00E+00 0.00E+00 0.00E+00 0.00E+00 0.00E+00 0.00E+00 0.00E+00 0.00E+00 0.00E+00 0.00E+00 0.00E+00 0.00E+00 0.00E+00 0.00E+00 0.00E+00 0.00E+00
   5.00  0.512  1.03E+03 8.34E+02 1.03E+04 5.17E+01 2.70E+01 5.00E+01 8.61E+01 8.17E+01 1.02E+02 1.02E+02 9.00E+01 8.00E+01 8.00E+01 4.17E+01 2.33E+01 1.17E+01 5.00E+00 1.67E+00 0.00E+00 0.00E+00 0.00E+00 0.00E+00 0.00E+00 0.00E+00 0.00E+00 0.00E+00 0.00E+00 0.00E+00 0.00E+00 0.00E+00 0.00E+00 0.00E+00 0.00E+00 0.00E+00 0.00E+00 0.00E+00 0.00E+00 0.00E+00 0.00E+00 0.00E+00 0.00E+00 0.00E+00 0.00E+00 0.00E+00 0.00E+00 0.00E+00 0.00E+00 0.00E+00 0.00E+00 0.00E+00 0.00E+00 0.00E+00 0.00E+00
   5.50  0.537  1.84E+03 2.38E+03 3.30E+04 5.88E+01 8.34E+01 1.30E+02 1.88E+02 2.03E+02 2.58E+02 2.82E+02 2.82E+02 2.50E+02 2.27E+02 1.83E+02 1.15E+02 8.33E+01 2.67E+01 8.33E+00 1.67E+00 0.00E+00 0.00E+00 0.00E+00 0.00E+00 0.00E+00 0.00E+00 0.00E+00 0.00E+00 0.00E+00 0.00E+00 0.00E+00 0.00E+00 0.00E+00 0.00E+00 0.00E+00 0.00E+00 0.00E+00 0.00E+00 0.00E+00 0.00E+00 0.00E+00 0.00E+00 0.00E+00 0.00E+00 0.00E+00 0.00E+00 0.00E+00 0.00E+00 0.00E+00 0.00E+00 0.00E+00 0.00E+00 0.00E+00 0.00E+00
   6.00  0.561  3.09E+03 2.65E+03 3.34E+04 6.17E+01 1.37E+02 2.20E+02 2.82E+02 2.95E+02 3.05E+02 2.92E+02 2.63E+02 2.50E+02 1.98E+02 1.45E+02 8.00E+01 5.67E+01 3.33E+01 1.50E+01 8.33E+00 0.00E+00 1.67E+00 3.33E+00 0.00E+00 0.00E+00 0.00E+00 0.00E+00 0.00E+00 0.00E+00 0.00E+00 0.00E+00 0.00E+00 0.00E+00 0.00E+00 0.00E+00 0.00E+00 0.00E+00 0.00E+00 0.00E+00 0.00E+00 0.00E+00 0.00E+00 0.00E+00 0.00E+00 0.00E+00 0.00E+00 0.00E+00 0.00E+00 0.00E+00 0.00E+00 0.00E+00 0.00E+00 0.00E+00 0.00E+00
   6.50  0.584  5.02E+03 5.05E+03 7.54E+04 1.10E+02 2.20E+02 2.82E+02 3.75E+02 4.25E+02 4.83E+02 4.88E+02 4.77E+02 4.52E+02 4.20E+02 4.02E+02 3.08E+02 2.40E+02 1.60E+02 1.08E+02 4.17E+01 2.17E+01 1.83E+01 1.38E+01 5.00E+00 0.00E+00 0.00E+00 0.00E+00 0.00E+00 0.00E+00 0.00E+00 0.00E+00 0.00E+00 0.00E+00 0.00E+00 0.00E+00 0.00E+00 0.00E+00 0.00E+00 0.00E+00 0.00E+00 0.00E+00 0.00E+00 0.00E+00 0.00E+00 0.00E+00 0.00E+00 0.00E+00 0.00E+00 0.00E+00 0.00E+00 0.00E+00 0.00E+00 0.00E+00 0.00E+00
   7.00  0.606  8.54E+03 9.04E+03 1.35E+05 1.65E+02 3.07E+02 5.37E+02 7.07E+02 7.83E+02 8.90E+02 9.05E+02 9.03E+02 8.53E+02 7.62E+02 6.55E+02 5.10E+02 3.85E+02 2.47E+02 1.85E+02 1.00E+02 6.83E+01 4.33E+01 2.37E+01 6.67E+00 0.00E+00 0.00E+00 0.00E+00 0.00E+00 0.00E+00 0.00E+00 0.00E+00 0.00E+00 0.00E+00 0.00E+00 0.00E+00 0.00E+00 0.00E+00 0.00E+00 0.00E+00 0.00E+00 0.00E+00 0.00E+00 0.00E+00 0.00E+00 0.00E+00 0.00E+00 0.00E+00 0.00E+00 0.00E+00 0.00E+00 0.00E+00 0.00E+00 0.00E+00 0.00E+00
   7.50  0.627  1.44E+04 1.46E+04 2.27E+05 2.78E+02 6.57E+02 9.38E+02 1.14E+03 1.18E+03 1.22E+03 1.27E+03 1.20E+03 1.14E+03 1.12E+03 1.04E+03 9.30E+02 7.93E+02 6.02E+02 4.48E+02 2.82E+02 1.67E+02 9.33E+01 4.54E+01 2.28E+01 6.67E+00 1.67E+00 0.00E+00 0.00E+00 0.00E+00 0.00E+00 0.00E+00 0.00E+00 0.00E+00 0.00E+00 0.00E+00 0.00E+00 0.00E+00 0.00E+00 0.00E+00 0.00E+00 0.00E+00 0.00E+00 0.00E+00 0.00E+00 0.00E+00 0.00E+00 0.00E+00 0.00E+00 0.00E+00 0.00E+00 0.00E+00 0.00E+00 0.00E+00 0.00E+00
   8.00  0.647  2.59E+04 3.14E+04 5.15E+05 4.07E+02 1.10E+03 1.71E+03 2.07E+03 2.31E+03 2.51E+03 2.64E+03 2.84E+03 2.82E+03 2.70E+03 2.48E+03 2.12E+03 1.74E+03 1.35E+03 9.88E+02 6.95E+02 4.72E+02 2.72E+02 1.27E+02 4.50E+01 2.17E+01 5.00E+00 0.00E+00 0.00E+00 0.00E+00 0.00E+00 0.00E+00 0.00E+00 0.00E+00 0.00E+00 0.00E+00 0.00E+00 0.00E+00 0.00E+00 0.00E+00 0.00E+00 0.00E+00 0.00E+00 0.00E+00 0.00E+00 0.00E+00 0.00E+00 0.00E+00 0.00E+00 0.00E+00 0.00E+00 0.00E+00 0.00E+00 0.00E+00 0.00E+00
   8.50  0.667  4.91E+04 6.10E+04 1.02E+06 7.95E+02 2.26E+03 3.48E+03 4.19E+03 4.69E+03 4.72E+03 4.64E+03 4.75E+03 4.79E+03 4.83E+03 4.62E+03 4.28E+03 3.70E+03 3.07E+03 2.34E+03 1.61E+03 1.08E+03 6.50E+02 3.37E+02 1.50E+02 6.50E+01 1.33E+01 0.00E+00 0.00E+00 0.00E+00 0.00E+00 0.00E+00 0.00E+00 0.00E+00 0.00E+00 0.00E+00 0.00E+00 0.00E+00 0.00E+00 0.00E+00 0.00E+00 0.00E+00 0.00E+00 0.00E+00 0.00E+00 0.00E+00 0.00E+00 0.00E+00 0.00E+00 0.00E+00 0.00E+00 0.00E+00 0.00E+00 0.00E+00 0.00E+00
   9.00  0.687  9.51E+04 1.23E+05 2.15E+06 1.52E+03 3.97E+03 6.05E+03 7.44E+03 8.36E+03 9.19E+03 9.53E+03 9.78E+03 1.00E+04 9.98E+03 9.57E+03 8.82E+03 7.75E+03 6.55E+03 5.13E+03 3.83E+03 2.63E+03 1.64E+03 8.93E+02 4.35E+02 1.83E+02 4.17E+01 0.00E+00 0.00E+00 0.00E+00 0.00E+00 0.00E+00 0.00E+00 0.00E+00 0.00E+00 0.00E+00 0.00E+00 0.00E+00 0.00E+00 0.00E+00 0.00E+00 0.00E+00 0.00E+00 0.00E+00 0.00E+00 0.00E+00 0.00E+00 0.00E+00 0.00E+00 0.00E+00 0.00E+00 0.00E+00 0.00E+00 0.00E+00 0.00E+00
   9.50  0.705  1.83E+05 2.29E+05 4.07E+06 2.48E+03 6.92E+03 1.10E+04 1.39E+04 1.57E+04 1.69E+04 1.73E+04 1.76E+04 1.80E+04 1.77E+04 1.74E+04 1.65E+04 1.47E+04 1.26E+04 1.02E+04 7.67E+03 5.43E+03 3.49E+03 2.04E+03 1.12E+03 5.12E+02 1.97E+02 4.00E+01 8.33E+00 1.67E+00 0.00E+00 0.00E+00 0.00E+00 0.00E+00 0.00E+00 0.00E+00 0.00E+00 0.00E+00 0.00E+00 0.00E+00 0.00E+00 0.00E+00 0.00E+00 0.00E+00 0.00E+00 0.00E+00 0.00E+00 0.00E+00 0.00E+00 0.00E+00 0.00E+00 0.00E+00 0.00E+00 0.00E+00 0.00E+00
  10.00  0.724  3.46E+05 4.22E+05 7.63E+06 4.06E+03 1.18E+04 1.83E+04 2.36E+04 2.79E+04 3.09E+04 3.28E+04 3.39E+04 3.39E+04 3.33E+04 3.18E+04 2.95E+04 2.66E+04 2.28E+04 1.90E+04 1.49E+04 1.08E+04 7.26E+03 4.53E+03 2.54E+03 1.27E+03 5.52E+02 1.90E+02 2.83E+01 5.00E+00 0.00E+00 0.00E+00 0.00E+00 0.00E+00 0.00E+00 0.00E+00 0.00E+00 0.00E+00 0.00E+00 0.00E+00 0.00E+00 0.00E+00 0.00E+00 0.00E+00 0.00E+00 0.00E+00 0.00E+00 0.00E+00 0.00E+00 0.00E+00 0.00E+00 0.00E+00 0.00E+00 0.00E+00 0.00E+00
  11.00  0.759  1.19E+06 1.27E+06 2.36E+07 1.01E+04 3.06E+04 4.95E+04 6.71E+04 8.23E+04 9.37E+04 1.01E+05 1.04E+05 1.04E+05 1.01E+05 9.45E+04 8.72E+04 7.84E+04 6.80E+04 5.74E+04 4.61E+04 3.51E+04 2.50E+04 1.67E+04 1.04E+04 5.98E+03 3.20E+03 1.56E+03 6.80E+02 2.70E+02 1.13E+02 6.00E+01 2.33E+01 5.00E+00 0.00E+00 0.00E+00 0.00E+00 0.00E+00 0.00E+00 0.00E+00 0.00E+00 0.00E+00 0.00E+00 0.00E+00 0.00E+00 0.00E+00 0.00E+00 0.00E+00 0.00E+00 0.00E+00 0.00E+00 0.00E+00 0.00E+00 0.00E+00 0.00E+00
  12.00  0.793  3.73E+06 3.80E+06 7.21E+07 2.81E+04 8.45E+04 1.39E+05 1.91E+05 2.37E+05 2.73E+05 2.97E+05 3.08E+05 3.09E+05 2.98E+05 2.80E+05 2.56E+05 2.30E+05 2.02E+05 1.72E+05 1.41E+05 1.12E+05 8.36E+04 5.97E+04 4.04E+04 2.56E+04 1.54E+04 8.76E+03 4.67E+03 2.39E+03 1.14E+03 5.02E+02 1.92E+02 5.50E+01 1.67E+01 0.00E+00 0.00E+00 0.00E+00 0.00E+00 0.00E+00 0.00E+00 0.00E+00 0.00E+00 0.00E+00 0.00E+00 0.00E+00 0.00E+00 0.00E+00 0.00E+00 0.00E+00 0.00E+00 0.00E+00 0.00E+00 0.00E+00 0.00E+00
  13.00  0.825  1.19E+07 1.26E+07 2.47E+08 8.86E+04 2.63E+05 4.36E+05 6.02E+05 7.48E+05 8.66E+05 9.47E+05 9.88E+05 9.91E+05 9.62E+05 9.09E+05 8.38E+05 7.59E+05 6.74E+05 5.84E+05 4.92E+05 4.02E+05 3.17E+05 2.40E+05 1.74E+05 1.21E+05 7.97E+04 5.02E+04 3.01E+04 1.68E+04 8.78E+03 4.21E+03 1.78E+03 6.65E+02 2.20E+02 0.00E+00 0.00E+00 0.00E+00 0.00E+00 0.00E+00 0.00E+00 0.00E+00 0.00E+00 0.00E+00 0.00E+00 0.00E+00 0.00E+00 0.00E+00 0.00E+00 0.00E+00 0.00E+00 0.00E+00 0.00E+00 0.00E+00 0.00E+00
  14.00  0.856  3.91E+07 4.18E+07 8.50E+08 2.78E+05 8.34E+05 1.37E+06 1.88E+06 2.34E+06 2.71E+06 2.98E+06 3.14E+06 3.17E+06 3.11E+06 2.97E+06 2.77E+06 2.53E+06 2.27E+06 1.99E+06 1.71E+06 1.44E+06 1.17E+06 9.27E+05 7.07E+05 5.20E+05 3.66E+05 2.46E+05 1.58E+05 9.49E+04 5.33E+04 2.76E+04 1.31E+04 5.52E+03 2.76E+03 0.00E+00 0.00E+00 0.00E+00 0.00E+00 0.00E+00 0.00E+00 0.00E+00 0.00E+00 0.00E+00 0.00E+00 0.00E+00 0.00E+00 0.00E+00 0.00E+00 0.00E+00 0.00E+00 0.00E+00 0.00E+00 0.00E+00 0.00E+00
  15.00  0.886  1.01E+08 8.24E+07 1.71E+09 5.44E+05 1.63E+06 2.66E+06 3.60E+06 4.44E+06 5.12E+06 5.64E+06 5.96E+06 6.09E+06 6.03E+06 5.81E+06 5.46E+06 5.02E+06 4.52E+06 4.00E+06 3.48E+06 2.96E+06 2.45E+06 1.97E+06 1.54E+06 1.16E+06 8.38E+05 5.83E+05 3.88E+05 2.45E+05 1.45E+05 8.04E+04 4.10E+04 1.89E+04 1.17E+04 0.00E+00 0.00E+00 0.00E+00 0.00E+00 0.00E+00 0.00E+00 0.00E+00 0.00E+00 0.00E+00 0.00E+00 0.00E+00 0.00E+00 0.00E+00 0.00E+00 0.00E+00 0.00E+00 0.00E+00 0.00E+00 0.00E+00 0.00E+00
  16.00  0.915  2.24E+08 1.63E+08 3.46E+09 1.06E+06 3.17E+06 5.13E+06 6.88E+06 8.42E+06 9.69E+06 1.07E+07 1.13E+07 1.17E+07 1.17E+07 1.14E+07 1.08E+07 9.96E+06 9.03E+06 8.05E+06 7.06E+06 6.08E+06 5.11E+06 4.19E+06 3.34E+06 2.58E+06 1.92E+06 1.38E+06 9.56E+05 6.31E+05 3.95E+05 2.34E+05 1.28E+05 6.46E+04 4.95E+04 0.00E+00 0.00E+00 0.00E+00 0.00E+00 0.00E+00 0.00E+00 0.00E+00 0.00E+00 0.00E+00 0.00E+00 0.00E+00 0.00E+00 0.00E+00 0.00E+00 0.00E+00 0.00E+00 0.00E+00 0.00E+00 0.00E+00 0.00E+00
  17.00  0.944  4.67E+08 3.23E+08 7.05E+09 2.08E+06 6.18E+06 9.92E+06 1.32E+07 1.60E+07 1.83E+07 2.02E+07 2.16E+07 2.24E+07 2.26E+07 2.22E+07 2.12E+07 1.98E+07 1.80E+07 1.62E+07 1.43E+07 1.25E+07 1.07E+07 8.91E+06 7.27E+06 5.73E+06 4.39E+06 3.27E+06 2.35E+06 1.63E+06 1.08E+06 6.81E+05 4.02E+05 2.21E+05 2.09E+05 0.00E+00 0.00E+00 0.00E+00 0.00E+00 0.00E+00 0.00E+00 0.00E+00 0.00E+00 0.00E+00 0.00E+00 0.00E+00 0.00E+00 0.00E+00 0.00E+00 0.00E+00 0.00E+00 0.00E+00 0.00E+00 0.00E+00 0.00E+00
  18.00  0.971  9.51E+08 6.44E+08 1.45E+10 4.07E+06 1.21E+07 1.92E+07 2.51E+07 3.03E+07 3.47E+07 3.82E+07 4.10E+07 4.30E+07 4.38E+07 4.34E+07 4.18E+07 3.92E+07 3.60E+07 3.25E+07 2.91E+07 2.57E+07 2.23E+07 1.89E+07 1.58E+07 1.28E+07 1.00E+07 7.74E+06 5.80E+06 4.20E+06 2.93E+06 1.98E+06 1.26E+06 7.57E+05 8.86E+05 0.00E+00 0.00E+00 0.00E+00 0.00E+00 0.00E+00 0.00E+00 0.00E+00 0.00E+00 0.00E+00 0.00E+00 0.00E+00 0.00E+00 0.00E+00 0.00E+00 0.00E+00 0.00E+00 0.00E+00 0.00E+00 0.00E+00 0.00E+00
  19.00  0.998  1.92E+09 1.29E+09 2.99E+10 7.95E+06 2.35E+07 3.71E+07 4.80E+07 5.75E+07 6.55E+07 7.22E+07 7.80E+07 8.25E+07 8.47E+07 8.48E+07 8.23E+07 7.78E+07 7.19E+07 6.54E+07 5.91E+07 5.28E+07 4.66E+07 4.02E+07 3.43E+07 2.84E+07 2.30E+07 1.83E+07 1.43E+07 1.08E+07 7.99E+06 5.76E+06 3.93E+06 2.59E+06 3.75E+06 0.00E+00 0.00E+00 0.00E+00 0.00E+00 0.00E+00 0.00E+00 0.00E+00 0.00E+00 0.00E+00 0.00E+00 0.00E+00 0.00E+00 0.00E+00 0.00E+00 0.00E+00 0.00E+00 0.00E+00 0.00E+00 0.00E+00 0.00E+00
  20.00  1.024  3.87E+09 2.61E+09 6.28E+10 1.55E+07 4.58E+07 7.16E+07 9.18E+07 1.09E+08 1.24E+08 1.37E+08 1.48E+08 1.58E+08 1.64E+08 1.66E+08 1.62E+08 1.54E+08 1.44E+08 1.31E+08 1.20E+08 1.09E+08 9.72E+07 8.56E+07 7.47E+07 6.33E+07 5.26E+07 4.34E+07 3.52E+07 2.80E+07 2.18E+07 1.68E+07 1.23E+07 8.86E+06 1.59E+07 0.00E+00 0.00E+00 0.00E+00 0.00E+00 0.00E+00 0.00E+00 0.00E+00 0.00E+00 0.00E+00 0.00E+00 0.00E+00 0.00E+00 0.00E+00 0.00E+00 0.00E+00 0.00E+00 0.00E+00 0.00E+00 0.00E+00 0.00E+00
  22.50  1.086  2.72E+10 1.60E+10 4.45E+11 8.31E+07 2.43E+08 3.72E+08 4.64E+08 5.42E+08 6.09E+08 6.72E+08 7.39E+08 8.07E+08 8.56E+08 8.85E+08 8.84E+08 8.56E+08 8.09E+08 7.54E+08 7.04E+08 6.58E+08 6.13E+08 5.64E+08 5.20E+08 4.68E+08 4.17E+08 3.74E+08 3.35E+08 2.99E+08 2.66E+08 2.42E+08 2.13E+08 1.92E+08 5.86E+08 0.00E+00 0.00E+00 0.00E+00 0.00E+00 0.00E+00 0.00E+00 0.00E+00 0.00E+00 0.00E+00 0.00E+00 0.00E+00 0.00E+00 0.00E+00 0.00E+00 0.00E+00 0.00E+00 0.00E+00 0.00E+00 0.00E+00 0.00E+00
  25.00  1.144  2.00E+11 1.22E+11 4.39E+12 4.44E+08 1.29E+09 1.93E+09 2.34E+09 2.69E+09 3.00E+09 3.31E+09 3.69E+09 4.11E+09 4.47E+09 4.73E+09 4.82E+09 4.75E+09 4.56E+09 4.32E+09 4.14E+09 3.99E+09 3.86E+09 3.71E+09 3.63E+09 3.46E+09 3.30E+09 3.22E+09 3.19E+09 3.20E+09 3.26E+09 3.50E+09 3.68E+09 4.15E+09 2.16E+10 0.00E+00 0.00E+00 0.00E+00 0.00E+00 0.00E+00 0.00E+00 0.00E+00 0.00E+00 0.00E+00 0.00E+00 0.00E+00 0.00E+00 0.00E+00 0.00E+00 0.00E+00 0.00E+00 0.00E+00 0.00E+00 0.00E+00 0.00E+00
  30.00  1.254  9.33E+13 3.71E+13 2.08E+15 1.27E+10 3.64E+10 5.21E+10 5.97E+10 6.61E+10 7.25E+10 8.01E+10 9.16E+10 1.07E+11 1.22E+11 1.35E+11 1.43E+11 1.46E+11 1.45E+11 1.42E+11 1.43E+11 1.47E+11 1.53E+11 1.61E+11 1.76E+11 1.89E+11 2.07E+11 2.40E+11 2.89E+11 3.65E+11 4.89E+11 7.29E+11 1.10E+12 1.94E+12 2.94E+13 0.00E+00 0.00E+00 0.00E+00 0.00E+00 0.00E+00 0.00E+00 0.00E+00 0.00E+00 0.00E+00 0.00E+00 0.00E+00 0.00E+00 0.00E+00 0.00E+00 0.00E+00 0.00E+00 0.00E+00 0.00E+00 0.00E+00 0.00E+00
  40.00  1.447  3.85E+16 7.64E+15 3.06E+17 1.04E+13 2.89E+13 3.79E+13 3.88E+13 4.00E+13 4.24E+13 4.70E+13 5.67E+13 7.21E+13 9.02E+13 1.10E+14 1.27E+14 1.38E+14 1.46E+14 1.53E+14 1.70E+14 1.98E+14 2.42E+14 3.03E+14 4.15E+14 5.65E+14 8.17E+14 1.32E+15 2.37E+15 1.09E+12 1.46E+12 2.18E+12 3.30E+12 5.83E+12 8.81E+13 0.00E+00 0.00E+00 0.00E+00 0.00E+00 0.00E+00 0.00E+00 0.00E+00 0.00E+00 0.00E+00 0.00E+00 0.00E+00 0.00E+00 0.00E+00 0.00E+00 0.00E+00 0.00E+00 0.00E+00 0.00E+00 0.00E+00 0.00E+00
  50.00  1.618  1.54E+17 1.54E+16 6.17E+17 2.07E+13 5.77E+13 7.58E+13 7.76E+13 8.00E+13 8.47E+13 9.38E+13 1.13E+14 1.44E+14 1.80E+14 2.20E+14 2.53E+14 2.76E+14 2.91E+14 3.06E+14 3.39E+14 3.96E+14 4.83E+14 6.07E+14 8.30E+14 1.13E+15 1.63E+15 2.65E+15 4.74E+15 3.25E+12 4.36E+12 6.52E+12 9.88E+12 1.75E+13 2.64E+14 0.00E+00 0.00E+00 0.00E+00 0.00E+00 0.00E+00 0.00E+00 0.00E+00 0.00E+00 0.00E+00 0.00E+00 0.00E+00 0.00E+00 0.00E+00 0.00E+00 0.00E+00 0.00E+00 0.00E+00 0.00E+00 0.00E+00 0.00E+00
  60.00  1.773  3.86E+17 3.11E+16 1.25E+18 4.14E+13 1.15E+14 1.51E+14 1.55E+14 1.60E+14 1.69E+14 1.87E+14 2.26E+14 2.88E+14 3.60E+14 4.39E+14 5.06E+14 5.52E+14 5.82E+14 6.11E+14 6.78E+14 7.91E+14 9.66E+14 1.21E+15 1.66E+15 2.26E+15 3.27E+15 5.29E+15 9.48E+15 9.69E+12 1.30E+13 1.95E+13 2.96E+13 5.23E+13 7.92E+14 0.00E+00 0.00E+00 0.00E+00 0.00E+00 0.00E+00 0.00E+00 0.00E+00 0.00E+00 0.00E+00 0.00E+00 0.00E+00 0.00E+00 0.00E+00 0.00E+00 0.00E+00 0.00E+00 0.00E+00 0.00E+00 0.00E+00 0.00E+00
  70.00  1.915  8.56E+17 6.30E+16 2.56E+18 8.28E+13 2.31E+14 3.03E+14 3.10E+14 3.19E+14 3.38E+14 3.75E+14 4.52E+14 5.76E+14 7.20E+14 8.78E+14 1.01E+15 1.10E+15 1.16E+15 1.22E+15 1.35E+15 1.58E+15 1.93E+15 2.43E+15 3.32E+15 4.52E+15 6.53E+15 1.06E+16 1.90E+16 2.89E+13 3.89E+13 5.83E+13 8.85E+13 1.57E+14 2.37E+15 0.00E+00 0.00E+00 0.00E+00 0.00E+00 0.00E+00 0.00E+00 0.00E+00 0.00E+00 0.00E+00 0.00E+00 0.00E+00 0.00E+00 0.00E+00 0.00E+00 0.00E+00 0.00E+00 0.00E+00 0.00E+00 0.00E+00 0.00E+00
  80.00  2.047  1.82E+18 1.29E+17 5.27E+18 1.65E+14 4.61E+14 6.05E+14 6.19E+14 6.38E+14 6.76E+14 7.49E+14 9.03E+14 1.15E+15 1.44E+15 1.75E+15 2.02E+15 2.20E+15 2.33E+15 2.44E+15 2.71E+15 3.16E+15 3.86E+15 4.85E+15 6.63E+15 9.04E+15 1.31E+16 2.12E+16 3.79E+16 8.62E+13 1.16E+14 1.74E+14 2.65E+14 4.69E+14 7.12E+15 0.00E+00 0.00E+00 0.00E+00 0.00E+00 0.00E+00 0.00E+00 0.00E+00 0.00E+00 0.00E+00 0.00E+00 0.00E+00 0.00E+00 0.00E+00 0.00E+00 0.00E+00 0.00E+00 0.00E+00 0.00E+00 0.00E+00 0.00E+00
  90.00  2.171  3.79E+18 2.66E+17 1.10E+19 3.31E+14 9.21E+14 1.21E+15 1.24E+15 1.28E+15 1.35E+15 1.50E+15 1.81E+15 2.30E+15 2.88E+15 3.51E+15 4.04E+15 4.41E+15 4.65E+15 4.88E+15 5.41E+15 6.32E+15 7.72E+15 9.70E+15 1.33E+16 1.81E+16 2.61E+16 4.23E+16 7.58E+16 2.57E+14 3.47E+14 5.21E+14 7.93E+14 1.41E+15 2.13E+16 0.00E+00 0.00E+00 0.00E+00 0.00E+00 0.00E+00 0.00E+00 0.00E+00 0.00E+00 0.00E+00 0.00E+00 0.00E+00 0.00E+00 0.00E+00 0.00E+00 0.00E+00 0.00E+00 0.00E+00 0.00E+00 0.00E+00 0.00E+00
 100.00  2.289  7.90E+18 5.56E+17 2.35E+19 6.61E+14 1.84E+15 2.42E+15 2.47E+15 2.55E+15 2.70E+15 2.99E+15 3.61E+15 4.59E+15 5.75E+15 7.01E+15 8.07E+15 8.81E+15 9.30E+15 9.76E+15 1.08E+16 1.26E+16 1.54E+16 1.94E+16 2.65E+16 3.61E+16 5.22E+16 8.47E+16 1.52E+17 7.67E+14 1.04E+15 1.56E+15 2.37E+15 4.21E+15 6.40E+16 0.00E+00 0.00E+00 0.00E+00 0.00E+00 0.00E+00 0.00E+00 0.00E+00 0.00E+00 0.00E+00 0.00E+00 0.00E+00 0.00E+00 0.00E+00 0.00E+00 0.00E+00 0.00E+00 0.00E+00 0.00E+00 0.00E+00 0.00E+00
 110.00  2.400  1.66E+19 1.19E+18 5.13E+19 1.32E+15 3.68E+15 4.83E+15 4.94E+15 5.09E+15 5.39E+15 5.97E+15 7.21E+15 9.18E+15 1.15E+16 1.40E+16 1.61E+16 1.76E+16 1.86E+16 1.95E+16 2.16E+16 2.53E+16 3.09E+16 3.88E+16 5.30E+16 7.23E+16 1.04E+17 1.69E+17 3.03E+17 2.29E+15 3.09E+15 4.66E+15 7.11E+15 1.26E+16 1.92E+17 0.00E+00 0.00E+00 0.00E+00 0.00E+00 0.00E+00 0.00E+00 0.00E+00 0.00E+00 0.00E+00 0.00E+00 0.00E+00 0.00E+00 0.00E+00 0.00E+00 0.00E+00 0.00E+00 0.00E+00 0.00E+00 0.00E+00 0.00E+00
 120.00  2.507  3.55E+19 2.59E+18 1.15E+20 2.64E+15 7.36E+15 9.66E+15 9.88E+15 1.02E+16 1.08E+16 1.19E+16 1.44E+16 1.84E+16 2.30E+16 2.80E+16 3.23E+16 3.52E+16 3.72E+16 3.90E+16 4.33E+16 5.05E+16 6.17E+16 7.75E+16 1.06E+17 1.45E+17 2.09E+17 3.39E+17 6.07E+17 6.82E+15 9.24E+15 1.39E+16 2.13E+16 3.78E+16 5.75E+17 0.00E+00 0.00E+00 0.00E+00 0.00E+00 0.00E+00 0.00E+00 0.00E+00 0.00E+00 0.00E+00 0.00E+00 0.00E+00 0.00E+00 0.00E+00 0.00E+00 0.00E+00 0.00E+00 0.00E+00 0.00E+00 0.00E+00 0.00E+00
 130.00  2.610  7.77E+19 5.85E+18 2.70E+20 5.28E+15 1.47E+16 1.93E+16 1.97E+16 2.03E+16 2.15E+16 2.39E+16 2.88E+16 3.67E+16 4.59E+16 5.60E+16 6.45E+16 7.04E+16 7.43E+16 7.80E+16 8.65E+16 1.01E+17 1.23E+17 1.55E+17 2.12E+17 2.89E+17 4.18E+17 6.77E+17 1.21E+18 2.03E+16 2.76E+16 4.17E+16 6.37E+16 1.13E+17 1.73E+18 0.00E+00 0.00E+00 0.00E+00 0.00E+00 0.00E+00 0.00E+00 0.00E+00 0.00E+00 0.00E+00 0.00E+00 0.00E+00 0.00E+00 0.00E+00 0.00E+00 0.00E+00 0.00E+00 0.00E+00 0.00E+00 0.00E+00 0.00E+00
 140.00  2.708  1.75E+20 1.37E+19 6.55E+20 1.06E+16 2.94E+16 3.86E+16 3.95E+16 4.06E+16 4.30E+16 4.77E+16 5.75E+16 7.33E+16 9.17E+16 1.12E+17 1.29E+17 1.41E+17 1.48E+17 1.56E+17 1.73E+17 2.02E+17 2.47E+17 3.10E+17 4.24E+17 5.78E+17 8.35E+17 1.35E+18 2.43E+18 6.07E+16 8.24E+16 1.25E+17 1.91E+17 3.39E+17 5.17E+18 0.00E+00 0.00E+00 0.00E+00 0.00E+00 0.00E+00 0.00E+00 0.00E+00 0.00E+00 0.00E+00 0.00E+00 0.00E+00 0.00E+00 0.00E+00 0.00E+00 0.00E+00 0.00E+00 0.00E+00 0.00E+00 0.00E+00 0.00E+00
 150.00  2.803  4.10E+20 3.33E+19 1.66E+21 2.11E+16 5.87E+16 7.71E+16 7.88E+16 8.12E+16 8.60E+16 9.53E+16 1.15E+17 1.46E+17 1.83E+17 2.24E+17 2.58E+17 2.81E+17 2.97E+17 3.12E+17 3.46E+17 4.04E+17 4.93E+17 6.20E+17 8.48E+17 1.16E+18 1.67E+18 2.71E+18 4.85E+18 1.81E+17 2.46E+17 3.73E+17 5.71E+17 1.02E+18 1.55E+19 0.00E+00 0.00E+00 0.00E+00 0.00E+00 0.00E+00 0.00E+00 0.00E+00 0.00E+00 0.00E+00 0.00E+00 0.00E+00 0.00E+00 0.00E+00 0.00E+00 0.00E+00 0.00E+00 0.00E+00 0.00E+00 0.00E+00 0.00E+00
 160.00  2.895  9.99E+20 8.45E+19 4.36E+21 4.21E+16 1.17E+17 1.54E+17 1.58E+17 1.62E+17 1.72E+17 1.90E+17 2.30E+17 2.93E+17 3.66E+17 4.47E+17 5.15E+17 5.62E+17 5.93E+17 6.23E+17 6.91E+17 8.07E+17 9.86E+17 1.24E+18 1.70E+18 2.31E+18 3.34E+18 5.42E+18 9.70E+18 5.40E+17 7.35E+17 1.11E+18 1.71E+18 3.04E+18 4.65E+19 0.00E+00 0.00E+00 0.00E+00 0.00E+00 0.00E+00 0.00E+00 0.00E+00 0.00E+00 0.00E+00 0.00E+00 0.00E+00 0.00E+00 0.00E+00 0.00E+00 0.00E+00 0.00E+00 0.00E+00 0.00E+00 0.00E+00 0.00E+00
 170.00  2.984  2.53E+21 2.22E+20 1.18E+22 8.42E+16 2.35E+17 3.08E+17 3.15E+17 3.24E+17 3.43E+17 3.80E+17 4.59E+17 5.85E+17 7.32E+17 8.93E+17 1.03E+18 1.12E+18 1.19E+18 1.25E+18 1.38E+18 1.61E+18 1.97E+18 2.48E+18 3.39E+18 4.62E+18 6.68E+18 1.08E+19 1.94E+19 1.61E+18 2.20E+18 3.33E+18 5.11E+18 9.12E+18 1.39E+20 0.00E+00 0.00E+00 0.00E+00 0.00E+00 0.00E+00 0.00E+00 0.00E+00 0.00E+00 0.00E+00 0.00E+00 0.00E+00 0.00E+00 0.00E+00 0.00E+00 0.00E+00 0.00E+00 0.00E+00 0.00E+00 0.00E+00 0.00E+00
 180.00  3.071  6.67E+21 6.05E+20 3.31E+22 1.68E+17 4.69E+17 6.15E+17 6.29E+17 6.48E+17 6.86E+17 7.60E+17 9.18E+17 1.17E+18 1.46E+18 1.79E+18 2.06E+18 2.25E+18 2.37E+18 2.49E+18 2.76E+18 3.23E+18 3.94E+18 4.95E+18 6.78E+18 9.24E+18 1.34E+19 2.17E+19 3.88E+19 4.80E+18 6.56E+18 9.97E+18 1.53E+19 2.73E+19 4.18E+20 0.00E+00 0.00E+00 0.00E+00 0.00E+00 0.00E+00 0.00E+00 0.00E+00 0.00E+00 0.00E+00 0.00E+00 0.00E+00 0.00E+00 0.00E+00 0.00E+00 0.00E+00 0.00E+00 0.00E+00 0.00E+00 0.00E+00 0.00E+00
 190.00  3.155  1.82E+22 1.69E+21 9.43E+22 3.37E+17 9.37E+17 1.23E+18 1.26E+18 1.30E+18 1.37E+18 1.52E+18 1.83E+18 2.34E+18 2.92E+18 3.57E+18 4.11E+18 4.49E+18 4.74E+18 4.98E+18 5.52E+18 6.45E+18 7.88E+18 9.91E+18 1.36E+19 1.85E+19 2.67E+19 4.33E+19 7.76E+19 1.43E+19 1.96E+19 2.98E+19 4.58E+19 8.18E+19 1.25E+21 0.00E+00 0.00E+00 0.00E+00 0.00E+00 0.00E+00 0.00E+00 0.00E+00 0.00E+00 0.00E+00 0.00E+00 0.00E+00 0.00E+00 0.00E+00 0.00E+00 0.00E+00 0.00E+00 0.00E+00 0.00E+00 0.00E+00 0.00E+00
 200.00  3.237  5.07E+22 4.83E+21 2.73E+23 6.73E+17 1.87E+18 2.46E+18 2.51E+18 2.59E+18 2.74E+18 3.04E+18 3.66E+18 4.67E+18 5.85E+18 7.13E+18 8.22E+18 8.97E+18 9.47E+18 9.95E+18 1.10E+19 1.29E+19 1.58E+19 1.98E+19 2.71E+19 3.69E+19 5.34E+19 8.66E+19 1.55E+20 4.27E+19 5.85E+19 8.92E+19 1.37E+20 2.45E+20 3.76E+21 0.00E+00 0.00E+00 0.00E+00 0.00E+00 0.00E+00 0.00E+00 0.00E+00 0.00E+00 0.00E+00 0.00E+00 0.00E+00 0.00E+00 0.00E+00 0.00E+00 0.00E+00 0.00E+00 0.00E+00 0.00E+00 0.00E+00 0.00E+00
 
