                    *********************************************************************************
                    *  Z= 97 A=250: Positive-Parity Spin-dependent Level Density [MeV-1] for BK250  *
                    *********************************************************************************
 U[MeV]  T[MeV]  NCUMUL   RHOOBS   RHOTOT     J=00     J=01     J=02     J=03     J=04     J=05     J=06     J=07     J=08     J=09     J=10     J=11     J=12     J=13     J=14     J=15     J=16     J=17     J=18     J=19     J=20     J=21     J=22     J=23     J=24     J=25     J=26     J=27     J=28     J=29     J=30     J=31     J=32     J=33     J=34     J=35     J=36     J=37     J=38     J=39     J=40     J=41     J=42     J=43     J=44     J=45     J=46     J=47     J=48     J=49
   0.25  0.105  1.70E+01 1.34E+02 1.38E+03 6.54E+00 4.75E+00 1.58E+01 1.40E+01 2.34E+01 1.71E+01 2.16E+01 1.39E+01 1.39E+01 3.08E+00 0.00E+00 0.00E+00 0.00E+00 0.00E+00 0.00E+00 0.00E+00 0.00E+00 0.00E+00 0.00E+00 0.00E+00 0.00E+00 0.00E+00 0.00E+00 0.00E+00 0.00E+00 0.00E+00 0.00E+00 0.00E+00 0.00E+00 0.00E+00 0.00E+00 0.00E+00 0.00E+00 0.00E+00 0.00E+00 0.00E+00 0.00E+00 0.00E+00 0.00E+00 0.00E+00 0.00E+00 0.00E+00 0.00E+00 0.00E+00 0.00E+00 0.00E+00 0.00E+00 0.00E+00 0.00E+00 0.00E+00
   0.50  0.148  5.30E+01 1.49E+02 1.89E+03 3.33E+00 1.54E+00 9.63E+00 9.25E+00 2.03E+01 1.88E+01 2.62E+01 1.86E+01 2.16E+01 1.39E+01 6.17E+00 0.00E+00 0.00E+00 0.00E+00 0.00E+00 0.00E+00 0.00E+00 0.00E+00 0.00E+00 0.00E+00 0.00E+00 0.00E+00 0.00E+00 0.00E+00 0.00E+00 0.00E+00 0.00E+00 0.00E+00 0.00E+00 0.00E+00 0.00E+00 0.00E+00 0.00E+00 0.00E+00 0.00E+00 0.00E+00 0.00E+00 0.00E+00 0.00E+00 0.00E+00 0.00E+00 0.00E+00 0.00E+00 0.00E+00 0.00E+00 0.00E+00 0.00E+00 0.00E+00 0.00E+00 0.00E+00
   0.75  0.182  9.90E+01 2.23E+02 3.06E+03 6.55E+00 3.10E+00 1.90E+01 1.86E+01 2.35E+01 2.04E+01 2.02E+01 1.71E+01 2.93E+01 2.33E+01 2.16E+01 1.39E+01 6.17E+00 0.00E+00 0.00E+00 0.00E+00 0.00E+00 0.00E+00 0.00E+00 0.00E+00 0.00E+00 0.00E+00 0.00E+00 0.00E+00 0.00E+00 0.00E+00 0.00E+00 0.00E+00 0.00E+00 0.00E+00 0.00E+00 0.00E+00 0.00E+00 0.00E+00 0.00E+00 0.00E+00 0.00E+00 0.00E+00 0.00E+00 0.00E+00 0.00E+00 0.00E+00 0.00E+00 0.00E+00 0.00E+00 0.00E+00 0.00E+00 0.00E+00 0.00E+00 0.00E+00
   1.00  0.210  1.72E+02 3.58E+02 4.70E+03 1.81E+01 4.70E+00 3.59E+01 3.30E+01 4.65E+01 3.58E+01 3.73E+01 2.49E+01 2.47E+01 2.02E+01 3.08E+01 1.85E+01 2.16E+01 6.17E+00 0.00E+00 0.00E+00 0.00E+00 0.00E+00 0.00E+00 0.00E+00 0.00E+00 0.00E+00 0.00E+00 0.00E+00 0.00E+00 0.00E+00 0.00E+00 0.00E+00 0.00E+00 0.00E+00 0.00E+00 0.00E+00 0.00E+00 0.00E+00 0.00E+00 0.00E+00 0.00E+00 0.00E+00 0.00E+00 0.00E+00 0.00E+00 0.00E+00 0.00E+00 0.00E+00 0.00E+00 0.00E+00 0.00E+00 0.00E+00 0.00E+00 0.00E+00
   1.25  0.235  3.42E+02 1.01E+03 1.18E+04 4.96E+01 3.29E+01 1.20E+02 1.09E+02 1.43E+02 1.21E+02 1.14E+02 8.28E+01 6.66E+01 4.50E+01 3.25E+01 2.34E+01 2.93E+01 1.70E+01 1.70E+01 1.54E+00 0.00E+00 0.00E+00 0.00E+00 0.00E+00 0.00E+00 0.00E+00 0.00E+00 0.00E+00 0.00E+00 0.00E+00 0.00E+00 0.00E+00 0.00E+00 0.00E+00 0.00E+00 0.00E+00 0.00E+00 0.00E+00 0.00E+00 0.00E+00 0.00E+00 0.00E+00 0.00E+00 0.00E+00 0.00E+00 0.00E+00 0.00E+00 0.00E+00 0.00E+00 0.00E+00 0.00E+00 0.00E+00 0.00E+00 0.00E+00
   1.50  0.257  7.08E+02 1.92E+03 2.28E+04 9.41E+01 5.81E+01 2.10E+02 1.84E+02 2.71E+02 2.37E+02 2.55E+02 1.70E+02 1.44E+02 9.58E+01 6.04E+01 4.35E+01 3.71E+01 2.95E+01 2.31E+01 1.08E+01 0.00E+00 0.00E+00 0.00E+00 0.00E+00 0.00E+00 0.00E+00 0.00E+00 0.00E+00 0.00E+00 0.00E+00 0.00E+00 0.00E+00 0.00E+00 0.00E+00 0.00E+00 0.00E+00 0.00E+00 0.00E+00 0.00E+00 0.00E+00 0.00E+00 0.00E+00 0.00E+00 0.00E+00 0.00E+00 0.00E+00 0.00E+00 0.00E+00 0.00E+00 0.00E+00 0.00E+00 0.00E+00 0.00E+00 0.00E+00
   1.75  0.277  1.48E+03 4.28E+03 5.38E+04 1.68E+02 1.28E+02 4.21E+02 3.69E+02 5.34E+02 4.66E+02 5.64E+02 4.07E+02 4.24E+02 2.88E+02 1.90E+02 1.12E+02 7.12E+01 4.81E+01 3.86E+01 2.79E+01 2.16E+01 6.17E+00 0.00E+00 0.00E+00 0.00E+00 0.00E+00 0.00E+00 0.00E+00 0.00E+00 0.00E+00 0.00E+00 0.00E+00 0.00E+00 0.00E+00 0.00E+00 0.00E+00 0.00E+00 0.00E+00 0.00E+00 0.00E+00 0.00E+00 0.00E+00 0.00E+00 0.00E+00 0.00E+00 0.00E+00 0.00E+00 0.00E+00 0.00E+00 0.00E+00 0.00E+00 0.00E+00 0.00E+00 0.00E+00
   2.00  0.297  2.96E+03 7.49E+03 9.59E+04 2.53E+02 2.39E+02 7.10E+02 6.61E+02 8.98E+02 8.21E+02 9.22E+02 6.82E+02 7.27E+02 5.24E+02 4.35E+02 2.37E+02 1.48E+02 8.53E+01 5.88E+01 3.42E+01 3.24E+01 1.54E+01 3.08E+00 0.00E+00 0.00E+00 0.00E+00 0.00E+00 0.00E+00 0.00E+00 0.00E+00 0.00E+00 0.00E+00 0.00E+00 0.00E+00 0.00E+00 0.00E+00 0.00E+00 0.00E+00 0.00E+00 0.00E+00 0.00E+00 0.00E+00 0.00E+00 0.00E+00 0.00E+00 0.00E+00 0.00E+00 0.00E+00 0.00E+00 0.00E+00 0.00E+00 0.00E+00 0.00E+00 0.00E+00
   2.25  0.315  6.09E+03 1.76E+04 2.30E+05 5.49E+02 5.18E+02 1.58E+03 1.52E+03 2.10E+03 1.94E+03 2.14E+03 1.66E+03 1.60E+03 1.22E+03 1.02E+03 6.58E+02 4.87E+02 2.59E+02 1.61E+02 7.90E+01 5.13E+01 2.78E+01 2.31E+01 6.17E+00 0.00E+00 0.00E+00 0.00E+00 0.00E+00 0.00E+00 0.00E+00 0.00E+00 0.00E+00 0.00E+00 0.00E+00 0.00E+00 0.00E+00 0.00E+00 0.00E+00 0.00E+00 0.00E+00 0.00E+00 0.00E+00 0.00E+00 0.00E+00 0.00E+00 0.00E+00 0.00E+00 0.00E+00 0.00E+00 0.00E+00 0.00E+00 0.00E+00 0.00E+00 0.00E+00
   2.50  0.332  1.19E+04 2.93E+04 3.92E+05 8.81E+02 8.41E+02 2.51E+03 2.40E+03 3.38E+03 3.10E+03 3.51E+03 2.72E+03 2.80E+03 2.18E+03 1.73E+03 1.15E+03 8.65E+02 5.46E+02 3.14E+02 1.61E+02 8.36E+01 4.48E+01 3.39E+01 1.54E+01 1.54E+00 0.00E+00 0.00E+00 0.00E+00 0.00E+00 0.00E+00 0.00E+00 0.00E+00 0.00E+00 0.00E+00 0.00E+00 0.00E+00 0.00E+00 0.00E+00 0.00E+00 0.00E+00 0.00E+00 0.00E+00 0.00E+00 0.00E+00 0.00E+00 0.00E+00 0.00E+00 0.00E+00 0.00E+00 0.00E+00 0.00E+00 0.00E+00 0.00E+00 0.00E+00
   2.75  0.348  2.33E+04 6.13E+04 8.47E+05 1.72E+03 1.69E+03 5.04E+03 4.83E+03 6.78E+03 6.28E+03 7.07E+03 5.67E+03 5.85E+03 4.68E+03 3.87E+03 2.73E+03 2.00E+03 1.31E+03 8.96E+02 4.72E+02 2.36E+02 1.04E+02 5.72E+01 2.95E+01 2.16E+01 3.08E+00 0.00E+00 0.00E+00 0.00E+00 0.00E+00 0.00E+00 0.00E+00 0.00E+00 0.00E+00 0.00E+00 0.00E+00 0.00E+00 0.00E+00 0.00E+00 0.00E+00 0.00E+00 0.00E+00 0.00E+00 0.00E+00 0.00E+00 0.00E+00 0.00E+00 0.00E+00 0.00E+00 0.00E+00 0.00E+00 0.00E+00 0.00E+00 0.00E+00
   3.00  0.363  4.35E+04 1.00E+05 1.41E+06 2.71E+03 2.67E+03 7.95E+03 7.66E+03 1.09E+04 1.02E+04 1.16E+04 9.06E+03 9.43E+03 7.59E+03 6.51E+03 4.58E+03 3.59E+03 2.29E+03 1.62E+03 9.02E+02 4.99E+02 2.19E+02 1.09E+02 4.97E+01 3.40E+01 1.55E+01 0.00E+00 0.00E+00 0.00E+00 0.00E+00 0.00E+00 0.00E+00 0.00E+00 0.00E+00 0.00E+00 0.00E+00 0.00E+00 0.00E+00 0.00E+00 0.00E+00 0.00E+00 0.00E+00 0.00E+00 0.00E+00 0.00E+00 0.00E+00 0.00E+00 0.00E+00 0.00E+00 0.00E+00 0.00E+00 0.00E+00 0.00E+00 0.00E+00
   3.25  0.378  8.16E+04 2.05E+05 2.95E+06 5.40E+03 5.36E+03 1.59E+04 1.52E+04 2.13E+04 2.01E+04 2.29E+04 1.86E+04 1.94E+04 1.56E+04 1.34E+04 9.80E+03 7.86E+03 5.44E+03 3.88E+03 2.21E+03 1.38E+03 6.78E+02 3.27E+02 1.29E+02 6.07E+01 3.12E+01 2.16E+01 0.00E+00 0.00E+00 0.00E+00 0.00E+00 0.00E+00 0.00E+00 0.00E+00 0.00E+00 0.00E+00 0.00E+00 0.00E+00 0.00E+00 0.00E+00 0.00E+00 0.00E+00 0.00E+00 0.00E+00 0.00E+00 0.00E+00 0.00E+00 0.00E+00 0.00E+00 0.00E+00 0.00E+00 0.00E+00 0.00E+00 0.00E+00
   3.50  0.392  1.49E+05 3.32E+05 4.83E+06 8.48E+03 8.42E+03 2.50E+04 2.42E+04 3.45E+04 3.25E+04 3.71E+04 2.96E+04 3.10E+04 2.54E+04 2.20E+04 1.59E+04 1.29E+04 9.28E+03 6.74E+03 4.11E+03 2.45E+03 1.31E+03 7.48E+02 2.85E+02 1.29E+02 5.15E+01 2.95E+01 6.29E+00 0.00E+00 0.00E+00 0.00E+00 0.00E+00 0.00E+00 0.00E+00 0.00E+00 0.00E+00 0.00E+00 0.00E+00 0.00E+00 0.00E+00 0.00E+00 0.00E+00 0.00E+00 0.00E+00 0.00E+00 0.00E+00 0.00E+00 0.00E+00 0.00E+00 0.00E+00 0.00E+00 0.00E+00 0.00E+00 0.00E+00
   3.75  0.406  2.74E+05 6.69E+05 9.93E+06 1.65E+04 1.64E+04 4.87E+04 4.72E+04 6.70E+04 6.35E+04 7.30E+04 5.99E+04 6.27E+04 5.15E+04 4.48E+04 3.36E+04 2.72E+04 1.94E+04 1.47E+04 9.37E+03 6.05E+03 3.31E+03 2.04E+03 9.20E+02 4.17E+02 1.63E+02 6.60E+01 2.84E+01 8.10E+00 1.25E-01 0.00E+00 0.00E+00 0.00E+00 0.00E+00 0.00E+00 0.00E+00 0.00E+00 0.00E+00 0.00E+00 0.00E+00 0.00E+00 0.00E+00 0.00E+00 0.00E+00 0.00E+00 0.00E+00 0.00E+00 0.00E+00 0.00E+00 0.00E+00 0.00E+00 0.00E+00 0.00E+00 0.00E+00
   4.00  0.420  4.89E+05 1.05E+06 1.58E+07 2.53E+04 2.51E+04 7.47E+04 7.26E+04 1.05E+05 9.96E+04 1.15E+05 9.29E+04 9.82E+04 8.14E+04 7.19E+04 5.34E+04 4.38E+04 3.22E+04 2.42E+04 1.58E+04 1.04E+04 6.13E+03 3.74E+03 1.82E+03 9.36E+02 3.79E+02 1.47E+02 6.63E+01 3.29E+01 3.58E+00 0.00E+00 0.00E+00 0.00E+00 0.00E+00 0.00E+00 0.00E+00 0.00E+00 0.00E+00 0.00E+00 0.00E+00 0.00E+00 0.00E+00 0.00E+00 0.00E+00 0.00E+00 0.00E+00 0.00E+00 0.00E+00 0.00E+00 0.00E+00 0.00E+00 0.00E+00 0.00E+00 0.00E+00
   4.25  0.432  8.80E+05 2.07E+06 3.16E+07 4.94E+04 4.90E+04 1.46E+05 1.42E+05 2.01E+05 1.91E+05 2.16E+05 1.81E+05 1.92E+05 1.60E+05 1.42E+05 1.08E+05 8.96E+04 6.64E+04 5.14E+04 3.34E+04 2.26E+04 1.40E+04 9.23E+03 4.68E+03 2.66E+03 1.21E+03 5.13E+02 1.92E+02 9.16E+01 3.54E+01 6.97E+00 1.79E+00 2.49E-01 0.00E+00 0.00E+00 0.00E+00 0.00E+00 0.00E+00 0.00E+00 0.00E+00 0.00E+00 0.00E+00 0.00E+00 0.00E+00 0.00E+00 0.00E+00 0.00E+00 0.00E+00 0.00E+00 0.00E+00 0.00E+00 0.00E+00 0.00E+00 0.00E+00
   4.50  0.445  1.55E+06 3.25E+06 5.01E+07 7.54E+04 7.46E+04 2.23E+05 2.17E+05 3.14E+05 3.00E+05 3.46E+05 2.82E+05 2.96E+05 2.50E+05 2.23E+05 1.69E+05 1.42E+05 1.07E+05 8.25E+04 5.58E+04 3.76E+04 2.35E+04 1.60E+04 8.73E+03 4.96E+03 2.48E+03 1.14E+03 4.40E+02 1.84E+02 7.06E+01 2.31E+01 6.81E+00 4.88E+00 1.67E+00 0.00E+00 0.00E+00 0.00E+00 0.00E+00 0.00E+00 0.00E+00 0.00E+00 0.00E+00 0.00E+00 0.00E+00 0.00E+00 0.00E+00 0.00E+00 0.00E+00 0.00E+00 0.00E+00 0.00E+00 0.00E+00 0.00E+00 0.00E+00
   4.75  0.457  2.74E+06 6.28E+06 9.82E+07 1.43E+05 1.42E+05 4.24E+05 4.14E+05 5.90E+05 5.64E+05 6.43E+05 5.42E+05 5.79E+05 4.87E+05 4.33E+05 3.34E+05 2.82E+05 2.13E+05 1.68E+05 1.13E+05 7.96E+04 5.08E+04 3.50E+04 2.01E+04 1.23E+04 6.46E+03 3.35E+03 1.51E+03 6.37E+02 2.67E+02 1.05E+02 4.09E+01 1.49E+01 6.54E+00 1.54E+00 0.00E+00 0.00E+00 0.00E+00 0.00E+00 0.00E+00 0.00E+00 0.00E+00 0.00E+00 0.00E+00 0.00E+00 0.00E+00 0.00E+00 0.00E+00 0.00E+00 0.00E+00 0.00E+00 0.00E+00 0.00E+00 0.00E+00
   5.00  0.469  4.74E+06 9.75E+06 1.54E+08 2.18E+05 2.16E+05 6.43E+05 6.27E+05 9.11E+05 8.73E+05 1.01E+06 8.36E+05 8.83E+05 7.50E+05 6.78E+05 5.21E+05 4.41E+05 3.39E+05 2.67E+05 1.84E+05 1.29E+05 8.37E+04 5.87E+04 3.42E+04 2.16E+04 1.21E+04 6.42E+03 3.18E+03 1.45E+03 6.14E+02 2.66E+02 1.05E+02 3.54E+01 2.15E+01 4.63E+00 0.00E+00 0.00E+00 0.00E+00 0.00E+00 0.00E+00 0.00E+00 0.00E+00 0.00E+00 0.00E+00 0.00E+00 0.00E+00 0.00E+00 0.00E+00 0.00E+00 0.00E+00 0.00E+00 0.00E+00 0.00E+00 0.00E+00
   5.50  0.492  1.44E+07 2.87E+07 4.62E+08 6.20E+05 6.15E+05 1.83E+06 1.79E+06 2.61E+06 2.51E+06 2.92E+06 2.43E+06 2.58E+06 2.20E+06 2.01E+06 1.56E+06 1.34E+06 1.04E+06 8.32E+05 5.87E+05 4.21E+05 2.83E+05 2.04E+05 1.24E+05 8.16E+04 4.91E+04 2.84E+04 1.58E+04 8.55E+03 4.11E+03 1.88E+03 8.98E+02 4.00E+02 1.69E+02 5.24E+01 0.00E+00 0.00E+00 0.00E+00 0.00E+00 0.00E+00 0.00E+00 0.00E+00 0.00E+00 0.00E+00 0.00E+00 0.00E+00 0.00E+00 0.00E+00 0.00E+00 0.00E+00 0.00E+00 0.00E+00 0.00E+00 0.00E+00
   6.00  0.514  4.23E+07 8.30E+07 1.36E+09 1.74E+06 1.73E+06 5.15E+06 5.04E+06 7.36E+06 7.09E+06 8.29E+06 6.93E+06 7.39E+06 6.36E+06 5.83E+06 4.59E+06 3.97E+06 3.13E+06 2.53E+06 1.82E+06 1.32E+06 9.11E+05 6.74E+05 4.26E+05 2.89E+05 1.81E+05 1.11E+05 6.69E+04 3.90E+04 2.08E+04 1.10E+04 5.52E+03 2.74E+03 1.38E+03 4.92E+02 0.00E+00 0.00E+00 0.00E+00 0.00E+00 0.00E+00 0.00E+00 0.00E+00 0.00E+00 0.00E+00 0.00E+00 0.00E+00 0.00E+00 0.00E+00 0.00E+00 0.00E+00 0.00E+00 0.00E+00 0.00E+00 0.00E+00
   6.50  0.535  1.22E+08 2.36E+08 3.95E+09 4.80E+06 4.78E+06 1.42E+07 1.40E+07 2.04E+07 1.97E+07 2.31E+07 1.94E+07 2.10E+07 1.81E+07 1.67E+07 1.33E+07 1.15E+07 9.20E+06 7.54E+06 5.49E+06 4.05E+06 2.84E+06 2.14E+06 1.39E+06 9.73E+05 6.33E+05 4.03E+05 2.54E+05 1.57E+05 9.03E+04 5.09E+04 2.81E+04 1.52E+04 8.27E+03 3.48E+03 0.00E+00 0.00E+00 0.00E+00 0.00E+00 0.00E+00 0.00E+00 0.00E+00 0.00E+00 0.00E+00 0.00E+00 0.00E+00 0.00E+00 0.00E+00 0.00E+00 0.00E+00 0.00E+00 0.00E+00 0.00E+00 0.00E+00
   7.00  0.555  3.47E+08 6.61E+08 1.12E+10 1.31E+07 1.30E+07 3.88E+07 3.81E+07 5.59E+07 5.40E+07 6.36E+07 5.36E+07 5.83E+07 5.05E+07 4.69E+07 3.74E+07 3.29E+07 2.65E+07 2.19E+07 1.62E+07 1.21E+07 8.63E+06 6.61E+06 4.38E+06 3.13E+06 2.10E+06 1.38E+06 9.00E+05 5.77E+05 3.48E+05 2.09E+05 1.22E+05 7.05E+04 4.09E+04 1.88E+04 0.00E+00 0.00E+00 0.00E+00 0.00E+00 0.00E+00 0.00E+00 0.00E+00 0.00E+00 0.00E+00 0.00E+00 0.00E+00 0.00E+00 0.00E+00 0.00E+00 0.00E+00 0.00E+00 0.00E+00 0.00E+00 0.00E+00
   7.50  0.574  9.68E+08 1.82E+09 3.14E+10 3.52E+07 3.50E+07 1.05E+08 1.03E+08 1.51E+08 1.46E+08 1.73E+08 1.46E+08 1.59E+08 1.39E+08 1.30E+08 1.04E+08 9.20E+07 7.48E+07 6.26E+07 4.67E+07 3.52E+07 2.55E+07 1.99E+07 1.34E+07 9.77E+06 6.71E+06 4.54E+06 3.03E+06 2.01E+06 1.26E+06 7.82E+05 4.79E+05 2.90E+05 1.76E+05 8.68E+04 0.00E+00 0.00E+00 0.00E+00 0.00E+00 0.00E+00 0.00E+00 0.00E+00 0.00E+00 0.00E+00 0.00E+00 0.00E+00 0.00E+00 0.00E+00 0.00E+00 0.00E+00 0.00E+00 0.00E+00 0.00E+00 0.00E+00
   8.00  0.593  2.65E+09 4.92E+09 8.63E+10 9.11E+07 9.06E+07 2.71E+08 2.66E+08 3.98E+08 3.86E+08 4.60E+08 3.91E+08 4.28E+08 3.74E+08 3.51E+08 2.84E+08 2.53E+08 2.07E+08 1.74E+08 1.32E+08 1.01E+08 7.41E+07 5.83E+07 4.01E+07 2.96E+07 2.08E+07 1.43E+07 9.83E+06 6.65E+06 4.30E+06 2.76E+06 1.74E+06 1.10E+06 6.92E+05 3.59E+05 0.00E+00 0.00E+00 0.00E+00 0.00E+00 0.00E+00 0.00E+00 0.00E+00 0.00E+00 0.00E+00 0.00E+00 0.00E+00 0.00E+00 0.00E+00 0.00E+00 0.00E+00 0.00E+00 0.00E+00 0.00E+00 0.00E+00
   8.50  0.612  7.19E+09 1.32E+10 2.35E+11 2.40E+08 2.38E+08 7.12E+08 7.00E+08 1.05E+09 1.02E+09 1.22E+09 1.04E+09 1.14E+09 9.94E+08 9.42E+08 7.65E+08 6.85E+08 5.65E+08 4.79E+08 3.67E+08 2.81E+08 2.10E+08 1.67E+08 1.17E+08 8.76E+07 6.25E+07 4.39E+07 3.07E+07 2.13E+07 1.41E+07 9.21E+06 5.98E+06 3.87E+06 2.51E+06 1.35E+06 0.00E+00 0.00E+00 0.00E+00 0.00E+00 0.00E+00 0.00E+00 0.00E+00 0.00E+00 0.00E+00 0.00E+00 0.00E+00 0.00E+00 0.00E+00 0.00E+00 0.00E+00 0.00E+00 0.00E+00 0.00E+00 0.00E+00
   9.00  0.629  1.93E+10 3.51E+10 6.32E+11 6.24E+08 6.21E+08 1.85E+09 1.83E+09 2.74E+09 2.67E+09 3.19E+09 2.73E+09 3.01E+09 2.63E+09 2.51E+09 2.04E+09 1.83E+09 1.52E+09 1.30E+09 1.00E+09 7.76E+08 5.84E+08 4.70E+08 3.33E+08 2.53E+08 1.84E+08 1.31E+08 9.32E+07 6.57E+07 4.46E+07 2.97E+07 1.97E+07 1.31E+07 8.67E+06 3.95E+06 0.00E+00 0.00E+00 0.00E+00 0.00E+00 0.00E+00 0.00E+00 0.00E+00 0.00E+00 0.00E+00 0.00E+00 0.00E+00 0.00E+00 0.00E+00 0.00E+00 0.00E+00 0.00E+00 0.00E+00 0.00E+00 0.00E+00
   9.50  0.647  5.11E+10 9.23E+10 1.68E+12 1.61E+09 1.60E+09 4.78E+09 4.71E+09 7.08E+09 6.90E+09 8.28E+09 7.09E+09 7.85E+09 6.88E+09 6.58E+09 5.39E+09 4.85E+09 4.06E+09 3.49E+09 2.71E+09 2.11E+09 1.60E+09 1.30E+09 9.32E+08 7.17E+08 5.27E+08 3.83E+08 2.75E+08 1.97E+08 1.36E+08 9.27E+07 6.27E+07 4.23E+07 1.96E+07 7.18E+06 0.00E+00 0.00E+00 0.00E+00 0.00E+00 0.00E+00 0.00E+00 0.00E+00 0.00E+00 0.00E+00 0.00E+00 0.00E+00 0.00E+00 0.00E+00 0.00E+00 0.00E+00 0.00E+00 0.00E+00 0.00E+00 0.00E+00
  10.00  0.663  1.34E+11 2.40E+11 4.42E+12 4.10E+09 4.09E+09 1.22E+10 1.20E+10 1.81E+10 1.77E+10 2.13E+10 1.83E+10 2.03E+10 1.78E+10 1.71E+10 1.40E+10 1.27E+10 1.07E+10 9.24E+09 7.22E+09 5.66E+09 4.33E+09 3.56E+09 2.57E+09 2.00E+09 1.49E+09 1.09E+09 7.96E+08 5.79E+08 4.07E+08 2.81E+08 1.74E+08 7.95E+07 3.46E+07 1.24E+07 0.00E+00 0.00E+00 0.00E+00 0.00E+00 0.00E+00 0.00E+00 0.00E+00 0.00E+00 0.00E+00 0.00E+00 0.00E+00 0.00E+00 0.00E+00 0.00E+00 0.00E+00 0.00E+00 0.00E+00 0.00E+00 0.00E+00
  11.00  0.696  1.04E+12 1.57E+12 2.94E+13 2.61E+10 2.60E+10 7.76E+10 7.65E+10 1.16E+11 1.13E+11 1.36E+11 1.18E+11 1.31E+11 1.16E+11 1.12E+11 9.27E+10 8.45E+10 7.17E+10 6.26E+10 4.95E+10 3.93E+10 3.05E+10 2.54E+10 1.87E+10 1.48E+10 1.12E+10 8.41E+09 6.28E+09 4.32E+09 2.30E+09 1.14E+09 5.46E+08 2.42E+08 1.30E+08 4.16E+07 0.00E+00 0.00E+00 0.00E+00 0.00E+00 0.00E+00 0.00E+00 0.00E+00 0.00E+00 0.00E+00 0.00E+00 0.00E+00 0.00E+00 0.00E+00 0.00E+00 0.00E+00 0.00E+00 0.00E+00 0.00E+00 0.00E+00
  12.00  0.727  4.23E+12 4.80E+12 1.22E+14 9.61E+09 9.34E+09 3.04E+10 3.38E+10 7.58E+10 7.73E+10 1.69E+11 2.10E+11 3.18E+11 3.36E+11 4.60E+11 4.53E+11 4.58E+11 4.19E+11 3.83E+11 3.25E+11 2.61E+11 2.05E+11 1.73E+11 1.29E+11 1.03E+11 7.05E+10 4.53E+10 2.28E+10 1.19E+10 6.72E+09 3.19E+09 1.66E+09 7.90E+08 5.29E+08 1.23E+08 0.00E+00 0.00E+00 0.00E+00 0.00E+00 0.00E+00 0.00E+00 0.00E+00 0.00E+00 0.00E+00 0.00E+00 0.00E+00 0.00E+00 0.00E+00 0.00E+00 0.00E+00 0.00E+00 0.00E+00 0.00E+00 0.00E+00
  13.00  0.756  8.26E+12 3.27E+12 1.13E+14 3.63E+09 5.18E+09 1.21E+10 1.18E+10 1.08E+10 1.59E+10 3.71E+10 3.07E+10 3.82E+10 5.87E+10 6.52E+10 5.06E+10 6.18E+10 2.68E+10 1.90E+11 2.80E+11 4.10E+11 4.11E+11 3.81E+11 4.09E+11 3.15E+11 1.93E+11 1.21E+11 6.24E+10 3.26E+10 1.80E+10 9.79E+09 5.23E+09 2.77E+09 2.77E+09 4.02E+08 0.00E+00 0.00E+00 0.00E+00 0.00E+00 0.00E+00 0.00E+00 0.00E+00 0.00E+00 0.00E+00 0.00E+00 0.00E+00 0.00E+00 0.00E+00 0.00E+00 0.00E+00 0.00E+00 0.00E+00 0.00E+00 0.00E+00
  14.00  0.785  1.10E+13 2.20E+12 8.99E+13 7.86E+08 1.76E+09 9.80E+07 5.60E+08 5.33E+09 1.13E+10 1.40E+10 9.21E+09 1.35E+10 9.90E+09 2.33E+10 1.97E+10 1.33E+10 1.41E+10 1.14E+10 5.86E+10 5.29E+10 5.50E+10 9.80E+10 2.41E+11 4.54E+11 4.50E+11 3.06E+11 1.48E+11 8.85E+10 4.71E+10 2.60E+10 1.54E+10 8.67E+09 3.42E+09 1.26E+09 0.00E+00 0.00E+00 0.00E+00 0.00E+00 0.00E+00 0.00E+00 0.00E+00 0.00E+00 0.00E+00 0.00E+00 0.00E+00 0.00E+00 0.00E+00 0.00E+00 0.00E+00 0.00E+00 0.00E+00 0.00E+00 0.00E+00
  15.00  0.812  1.27E+13 1.11E+12 4.63E+13 3.19E+09 1.37E+10 1.36E+10 1.56E+10 1.11E+10 1.01E+10 1.94E+10 8.80E+08 8.72E+09 5.47E+09 1.61E+09 5.22E+09 5.19E+06 1.01E+10 1.64E+10 5.34E+09 7.24E+09 5.20E+09 3.14E+10 5.73E+10 2.17E+10 6.59E+10 4.01E+11 1.57E+11 1.09E+11 5.45E+10 2.90E+10 1.51E+10 9.44E+09 3.28E+09 1.78E+09 0.00E+00 0.00E+00 0.00E+00 0.00E+00 0.00E+00 0.00E+00 0.00E+00 0.00E+00 0.00E+00 0.00E+00 0.00E+00 0.00E+00 0.00E+00 0.00E+00 0.00E+00 0.00E+00 0.00E+00 0.00E+00 0.00E+00
  16.00  0.839  1.40E+13 1.67E+12 5.14E+13 1.29E+10 1.06E+11 2.71E+10 4.35E+11 2.30E+10 9.06E+09 2.70E+10 8.40E+07 5.63E+09 3.02E+09 1.11E+08 1.38E+09 2.02E+03 7.19E+09 2.35E+10 4.86E+08 9.93E+08 4.91E+08 1.01E+10 1.36E+10 1.04E+09 9.63E+09 5.26E+11 1.67E+11 1.34E+11 6.32E+10 3.23E+10 1.48E+10 1.03E+10 3.15E+09 2.52E+09 0.00E+00 0.00E+00 0.00E+00 0.00E+00 0.00E+00 0.00E+00 0.00E+00 0.00E+00 0.00E+00 0.00E+00 0.00E+00 0.00E+00 0.00E+00 0.00E+00 0.00E+00 0.00E+00 0.00E+00 0.00E+00 0.00E+00
  17.00  0.865  2.21E+13 1.44E+13 1.45E+14 5.25E+10 8.24E+11 5.40E+10 1.21E+13 4.76E+10 8.11E+09 3.75E+10 8.02E+06 3.64E+09 1.67E+09 7.66E+06 3.66E+08 7.87E-01 5.13E+09 3.37E+10 4.43E+07 1.36E+08 4.64E+07 3.23E+09 3.22E+09 4.98E+07 1.41E+09 6.88E+11 1.77E+11 1.65E+11 7.32E+10 3.60E+10 1.45E+10 1.12E+10 3.03E+09 3.57E+09 0.00E+00 0.00E+00 0.00E+00 0.00E+00 0.00E+00 0.00E+00 0.00E+00 0.00E+00 0.00E+00 0.00E+00 0.00E+00 0.00E+00 0.00E+00 0.00E+00 0.00E+00 0.00E+00 0.00E+00 0.00E+00 0.00E+00
  18.00  0.890  2.02E+14 3.46E+14 2.46E+15 2.13E+11 6.40E+12 1.08E+11 3.38E+14 9.89E+10 7.26E+09 5.22E+10 7.66E+05 2.35E+09 9.23E+08 5.29E+05 9.70E+07 0.00E+00 3.66E+09 4.83E+10 4.04E+06 1.86E+07 4.38E+06 1.04E+09 7.65E+08 2.38E+06 2.06E+08 9.02E+11 1.88E+11 2.04E+11 8.47E+10 4.02E+10 1.42E+10 1.22E+10 2.90E+09 5.06E+09 0.00E+00 0.00E+00 0.00E+00 0.00E+00 0.00E+00 0.00E+00 0.00E+00 0.00E+00 0.00E+00 0.00E+00 0.00E+00 0.00E+00 0.00E+00 0.00E+00 0.00E+00 0.00E+00 0.00E+00 0.00E+00 0.00E+00
  19.00  0.914  5.11E+15 9.47E+15 6.62E+16 8.64E+11 4.97E+13 2.15E+11 9.42E+15 2.05E+11 6.50E+09 7.26E+10 7.31E+04 1.52E+09 5.10E+08 3.65E+04 2.57E+07 0.00E+00 2.61E+09 6.92E+10 3.68E+05 2.55E+06 4.14E+05 3.33E+08 1.81E+08 1.14E+05 3.01E+07 1.18E+12 2.00E+11 2.51E+11 9.82E+10 4.48E+10 1.39E+10 1.33E+10 2.79E+09 7.17E+09 0.00E+00 0.00E+00 0.00E+00 0.00E+00 0.00E+00 0.00E+00 0.00E+00 0.00E+00 0.00E+00 0.00E+00 0.00E+00 0.00E+00 0.00E+00 0.00E+00 0.00E+00 0.00E+00 0.00E+00 0.00E+00 0.00E+00
  20.00  0.938  1.41E+17 2.63E+17 1.84E+18 3.51E+12 3.86E+14 4.28E+11 2.62E+17 4.26E+11 5.82E+09 1.01E+11 6.98E+03 9.80E+08 2.82E+08 2.52E+03 6.80E+06 0.00E+00 1.86E+09 9.92E+10 3.35E+04 3.50E+05 3.91E+04 1.07E+08 4.31E+07 5.46E+03 4.41E+06 1.55E+12 2.13E+11 3.09E+11 1.14E+11 5.00E+10 1.36E+10 1.44E+10 2.68E+09 1.02E+10 0.00E+00 0.00E+00 0.00E+00 0.00E+00 0.00E+00 0.00E+00 0.00E+00 0.00E+00 0.00E+00 0.00E+00 0.00E+00 0.00E+00 0.00E+00 0.00E+00 0.00E+00 0.00E+00 0.00E+00 0.00E+00 0.00E+00
  22.50  0.995  1.35E+21 1.08E+21 7.54E+21 1.16E+14 6.49E+16 2.40E+12 1.08E+21 2.65E+12 4.41E+09 2.30E+11 1.97E+01 3.29E+08 6.40E+07 3.16E+00 2.45E+05 0.00E+00 8.01E+08 2.44E+11 8.40E+01 2.43E+03 1.07E+02 6.22E+06 1.18E+06 2.74E+00 3.60E+04 3.04E+12 2.47E+11 5.20E+11 1.64E+11 6.57E+10 1.30E+10 1.79E+10 2.42E+09 2.43E+10 0.00E+00 0.00E+00 0.00E+00 0.00E+00 0.00E+00 0.00E+00 0.00E+00 0.00E+00 0.00E+00 0.00E+00 0.00E+00 0.00E+00 0.00E+00 0.00E+00 0.00E+00 0.00E+00 0.00E+00 0.00E+00 0.00E+00
  25.00  1.049  5.38E+21 2.15E+21 1.51E+22 3.86E+15 1.29E+17 1.34E+13 2.15E+21 1.64E+13 3.34E+09 5.24E+11 0.00E+00 1.10E+08 1.45E+07 0.00E+00 8.86E+03 0.00E+00 3.44E+08 6.00E+11 0.00E+00 1.69E+01 0.00E+00 3.63E+05 3.24E+04 0.00E+00 2.95E+02 5.96E+12 2.88E+11 8.76E+11 2.37E+11 8.62E+10 1.23E+10 2.21E+10 2.18E+09 5.80E+10 0.00E+00 0.00E+00 0.00E+00 0.00E+00 0.00E+00 0.00E+00 0.00E+00 0.00E+00 0.00E+00 0.00E+00 0.00E+00 0.00E+00 0.00E+00 0.00E+00 0.00E+00 0.00E+00 0.00E+00 0.00E+00 0.00E+00
  30.00  1.149  3.23E+22 8.61E+21 6.03E+22 4.24E+18 5.14E+17 4.22E+14 8.61E+21 6.34E+14 1.92E+09 2.72E+12 0.00E+00 1.24E+07 7.48E+05 0.00E+00 1.15E+01 0.00E+00 6.36E+07 3.63E+12 0.00E+00 0.00E+00 0.00E+00 1.23E+03 2.43E+01 0.00E+00 0.00E+00 2.30E+13 3.89E+11 2.48E+12 4.94E+11 1.49E+11 1.11E+10 3.38E+10 1.78E+09 3.31E+11 0.00E+00 0.00E+00 0.00E+00 0.00E+00 0.00E+00 0.00E+00 0.00E+00 0.00E+00 0.00E+00 0.00E+00 0.00E+00 0.00E+00 0.00E+00 0.00E+00 0.00E+00 0.00E+00 0.00E+00 0.00E+00 0.00E+00
  40.00  1.327  7.64E+23 1.38E+23 9.64E+23 1.27E+19 8.13E+18 4.17E+17 1.38E+23 9.42E+17 6.33E+08 7.35E+13 0.00E+00 1.57E+05 1.98E+03 0.00E+00 0.00E+00 0.00E+00 2.17E+06 1.33E+14 0.00E+00 0.00E+00 0.00E+00 1.42E-02 0.00E+00 0.00E+00 0.00E+00 3.41E+14 7.12E+11 2.00E+13 2.15E+12 4.43E+11 9.02E+09 7.91E+10 1.18E+09 1.08E+13 0.00E+00 0.00E+00 0.00E+00 0.00E+00 0.00E+00 0.00E+00 0.00E+00 0.00E+00 0.00E+00 0.00E+00 0.00E+00 0.00E+00 0.00E+00 0.00E+00 0.00E+00 0.00E+00 0.00E+00 0.00E+00 0.00E+00
  50.00  1.483  1.25E+25 2.20E+24 1.54E+25 3.81E+19 1.29E+20 8.34E+17 2.20E+24 1.88E+18 2.09E+08 1.99E+15 0.00E+00 1.98E+03 5.27E+00 0.00E+00 0.00E+00 0.00E+00 7.43E+04 4.86E+15 0.00E+00 0.00E+00 0.00E+00 0.00E+00 0.00E+00 0.00E+00 0.00E+00 5.07E+15 1.30E+12 1.60E+14 9.33E+12 1.32E+12 7.34E+09 1.85E+11 7.84E+08 3.51E+14 0.00E+00 0.00E+00 0.00E+00 0.00E+00 0.00E+00 0.00E+00 0.00E+00 0.00E+00 0.00E+00 0.00E+00 0.00E+00 0.00E+00 0.00E+00 0.00E+00 0.00E+00 0.00E+00 0.00E+00 0.00E+00 0.00E+00
  60.00  1.625  2.00E+26 3.52E+25 2.47E+26 1.14E+20 2.03E+21 1.67E+18 3.52E+25 3.77E+18 6.88E+07 5.36E+16 0.00E+00 2.50E+01 0.00E+00 0.00E+00 0.00E+00 0.00E+00 2.54E+03 1.78E+17 0.00E+00 0.00E+00 0.00E+00 0.00E+00 0.00E+00 0.00E+00 0.00E+00 7.53E+16 2.39E+12 1.29E+15 4.05E+13 3.93E+12 5.96E+09 4.33E+11 5.21E+08 1.14E+16 0.00E+00 0.00E+00 0.00E+00 0.00E+00 0.00E+00 0.00E+00 0.00E+00 0.00E+00 0.00E+00 0.00E+00 0.00E+00 0.00E+00 0.00E+00 0.00E+00 0.00E+00 0.00E+00 0.00E+00 0.00E+00 0.00E+00
  70.00  1.755  3.19E+27 5.63E+26 3.94E+27 3.43E+20 3.21E+22 3.33E+18 5.63E+26 7.53E+18 2.27E+07 1.45E+18 0.00E+00 0.00E+00 0.00E+00 0.00E+00 0.00E+00 0.00E+00 8.67E+01 6.51E+18 0.00E+00 0.00E+00 0.00E+00 0.00E+00 0.00E+00 0.00E+00 0.00E+00 1.12E+18 4.37E+12 1.04E+16 1.76E+14 1.17E+13 4.85E+09 1.01E+12 3.46E+08 3.72E+17 0.00E+00 0.00E+00 0.00E+00 0.00E+00 0.00E+00 0.00E+00 0.00E+00 0.00E+00 0.00E+00 0.00E+00 0.00E+00 0.00E+00 0.00E+00 0.00E+00 0.00E+00 0.00E+00 0.00E+00 0.00E+00 0.00E+00
  80.00  1.876  5.10E+28 9.01E+27 6.30E+28 1.03E+21 5.08E+23 6.66E+18 9.01E+27 1.51E+19 7.49E+06 3.91E+19 0.00E+00 0.00E+00 0.00E+00 0.00E+00 0.00E+00 0.00E+00 0.00E+00 2.38E+20 0.00E+00 0.00E+00 0.00E+00 0.00E+00 0.00E+00 0.00E+00 0.00E+00 1.66E+19 8.00E+12 8.32E+16 7.65E+14 3.48E+13 3.94E+09 2.37E+12 2.30E+08 1.21E+19 0.00E+00 0.00E+00 0.00E+00 0.00E+00 0.00E+00 0.00E+00 0.00E+00 0.00E+00 0.00E+00 0.00E+00 0.00E+00 0.00E+00 0.00E+00 0.00E+00 0.00E+00 0.00E+00 0.00E+00 0.00E+00 0.00E+00
  90.00  1.990  8.16E+29 1.44E+29 1.01E+30 3.08E+21 8.03E+24 1.33E+19 1.44E+29 3.01E+19 2.47E+06 1.05E+21 0.00E+00 0.00E+00 0.00E+00 0.00E+00 0.00E+00 0.00E+00 0.00E+00 8.73E+21 0.00E+00 0.00E+00 0.00E+00 0.00E+00 0.00E+00 0.00E+00 0.00E+00 2.47E+20 1.46E+13 6.68E+17 3.32E+15 1.04E+14 3.21E+09 5.55E+12 1.53E+08 3.95E+20 0.00E+00 0.00E+00 0.00E+00 0.00E+00 0.00E+00 0.00E+00 0.00E+00 0.00E+00 0.00E+00 0.00E+00 0.00E+00 0.00E+00 0.00E+00 0.00E+00 0.00E+00 0.00E+00 0.00E+00 0.00E+00 0.00E+00
 100.00  2.098  1.31E+31 2.30E+30 1.61E+31 9.24E+21 1.27E+26 2.66E+19 2.30E+30 6.02E+19 8.15E+05 2.85E+22 0.00E+00 0.00E+00 0.00E+00 0.00E+00 0.00E+00 0.00E+00 0.00E+00 3.19E+23 0.00E+00 0.00E+00 0.00E+00 0.00E+00 0.00E+00 0.00E+00 0.00E+00 3.66E+21 2.68E+13 5.37E+18 1.44E+16 3.08E+14 2.61E+09 1.30E+13 1.01E+08 1.29E+22 0.00E+00 0.00E+00 0.00E+00 0.00E+00 0.00E+00 0.00E+00 0.00E+00 0.00E+00 0.00E+00 0.00E+00 0.00E+00 0.00E+00 0.00E+00 0.00E+00 0.00E+00 0.00E+00 0.00E+00 0.00E+00 0.00E+00
 110.00  2.200  2.09E+32 3.68E+31 2.58E+32 2.77E+22 2.01E+27 5.32E+19 3.68E+31 1.20E+20 2.69E+05 7.69E+23 0.00E+00 0.00E+00 0.00E+00 0.00E+00 0.00E+00 0.00E+00 0.00E+00 1.17E+25 0.00E+00 0.00E+00 0.00E+00 0.00E+00 0.00E+00 0.00E+00 0.00E+00 5.44E+22 4.90E+13 4.31E+19 6.28E+16 9.18E+14 2.12E+09 3.04E+13 6.73E+07 4.19E+23 0.00E+00 0.00E+00 0.00E+00 0.00E+00 0.00E+00 0.00E+00 0.00E+00 0.00E+00 0.00E+00 0.00E+00 0.00E+00 0.00E+00 0.00E+00 0.00E+00 0.00E+00 0.00E+00 0.00E+00 0.00E+00 0.00E+00
 120.00  2.298  3.34E+33 5.89E+32 4.12E+33 8.31E+22 3.18E+28 1.06E+20 5.89E+32 2.40E+20 8.86E+04 2.07E+25 0.00E+00 0.00E+00 0.00E+00 0.00E+00 0.00E+00 0.00E+00 0.00E+00 4.28E+26 0.00E+00 0.00E+00 0.00E+00 0.00E+00 0.00E+00 0.00E+00 0.00E+00 8.08E+23 8.98E+13 3.47E+20 2.73E+17 2.73E+15 1.72E+09 7.11E+13 4.47E+07 1.36E+25 0.00E+00 0.00E+00 0.00E+00 0.00E+00 0.00E+00 0.00E+00 0.00E+00 0.00E+00 0.00E+00 0.00E+00 0.00E+00 0.00E+00 0.00E+00 0.00E+00 0.00E+00 0.00E+00 0.00E+00 0.00E+00 0.00E+00
 130.00  2.392  5.34E+34 9.42E+33 6.59E+34 2.49E+23 5.02E+29 2.13E+20 9.42E+33 4.81E+20 2.92E+04 5.60E+26 0.00E+00 0.00E+00 0.00E+00 0.00E+00 0.00E+00 0.00E+00 0.00E+00 1.57E+28 0.00E+00 0.00E+00 0.00E+00 0.00E+00 0.00E+00 0.00E+00 0.00E+00 1.20E+25 1.64E+14 2.78E+21 1.18E+18 8.13E+15 1.40E+09 1.66E+14 2.97E+07 4.44E+26 0.00E+00 0.00E+00 0.00E+00 0.00E+00 0.00E+00 0.00E+00 0.00E+00 0.00E+00 0.00E+00 0.00E+00 0.00E+00 0.00E+00 0.00E+00 0.00E+00 0.00E+00 0.00E+00 0.00E+00 0.00E+00 0.00E+00
 140.00  2.482  8.54E+35 1.51E+35 1.05E+36 7.47E+23 7.94E+30 4.25E+20 1.51E+35 9.61E+20 9.64E+03 1.51E+28 0.00E+00 0.00E+00 0.00E+00 0.00E+00 0.00E+00 0.00E+00 0.00E+00 5.73E+29 0.00E+00 0.00E+00 0.00E+00 0.00E+00 0.00E+00 0.00E+00 0.00E+00 1.78E+26 3.01E+14 2.24E+22 5.15E+18 2.42E+16 1.14E+09 3.89E+14 1.97E+07 1.45E+28 0.00E+00 0.00E+00 0.00E+00 0.00E+00 0.00E+00 0.00E+00 0.00E+00 0.00E+00 0.00E+00 0.00E+00 0.00E+00 0.00E+00 0.00E+00 0.00E+00 0.00E+00 0.00E+00 0.00E+00 0.00E+00 0.00E+00
 150.00  2.569  1.37E+37 2.41E+36 1.69E+37 2.24E+24 1.25E+32 8.49E+20 2.41E+36 1.92E+21 3.18E+03 4.08E+29 0.00E+00 0.00E+00 0.00E+00 0.00E+00 0.00E+00 0.00E+00 0.00E+00 2.10E+31 0.00E+00 0.00E+00 0.00E+00 0.00E+00 0.00E+00 0.00E+00 0.00E+00 2.65E+27 5.50E+14 1.80E+23 2.24E+19 7.21E+16 9.27E+08 9.11E+14 1.31E+07 4.71E+29 0.00E+00 0.00E+00 0.00E+00 0.00E+00 0.00E+00 0.00E+00 0.00E+00 0.00E+00 0.00E+00 0.00E+00 0.00E+00 0.00E+00 0.00E+00 0.00E+00 0.00E+00 0.00E+00 0.00E+00 0.00E+00 0.00E+00
 160.00  2.653  2.18E+38 3.85E+37 2.70E+38 6.71E+24 1.98E+33 1.70E+21 3.85E+37 3.84E+21 1.05E+03 1.10E+31 0.00E+00 0.00E+00 0.00E+00 0.00E+00 0.00E+00 0.00E+00 0.00E+00 7.67E+32 0.00E+00 0.00E+00 0.00E+00 0.00E+00 0.00E+00 0.00E+00 0.00E+00 3.93E+28 1.01E+15 1.44E+24 9.72E+19 2.15E+17 7.54E+08 2.13E+15 8.70E+06 1.53E+31 0.00E+00 0.00E+00 0.00E+00 0.00E+00 0.00E+00 0.00E+00 0.00E+00 0.00E+00 0.00E+00 0.00E+00 0.00E+00 0.00E+00 0.00E+00 0.00E+00 0.00E+00 0.00E+00 0.00E+00 0.00E+00 0.00E+00
 170.00  2.735  3.49E+39 6.16E+38 4.31E+39 2.01E+25 3.14E+34 3.39E+21 6.16E+38 7.68E+21 3.46E+02 2.98E+32 0.00E+00 0.00E+00 0.00E+00 0.00E+00 0.00E+00 0.00E+00 0.00E+00 2.81E+34 0.00E+00 0.00E+00 0.00E+00 0.00E+00 0.00E+00 0.00E+00 0.00E+00 5.84E+29 1.84E+15 1.16E+25 4.22E+20 6.39E+17 6.13E+08 4.99E+15 5.78E+06 4.99E+32 0.00E+00 0.00E+00 0.00E+00 0.00E+00 0.00E+00 0.00E+00 0.00E+00 0.00E+00 0.00E+00 0.00E+00 0.00E+00 0.00E+00 0.00E+00 0.00E+00 0.00E+00 0.00E+00 0.00E+00 0.00E+00 0.00E+00
 180.00  2.814  5.59E+40 9.86E+39 6.90E+40 6.03E+25 4.96E+35 6.79E+21 9.85E+39 1.54E+22 0.00E+00 8.03E+33 0.00E+00 0.00E+00 0.00E+00 0.00E+00 0.00E+00 0.00E+00 0.00E+00 1.03E+36 0.00E+00 0.00E+00 0.00E+00 0.00E+00 0.00E+00 0.00E+00 0.00E+00 8.67E+30 3.38E+15 9.33E+25 1.84E+21 1.90E+18 4.98E+08 1.17E+16 3.84E+06 1.63E+34 0.00E+00 0.00E+00 0.00E+00 0.00E+00 0.00E+00 0.00E+00 0.00E+00 0.00E+00 0.00E+00 0.00E+00 0.00E+00 0.00E+00 0.00E+00 0.00E+00 0.00E+00 0.00E+00 0.00E+00 0.00E+00 0.00E+00
 190.00  2.891  8.93E+41 1.58E+41 1.10E+42 1.81E+26 7.84E+36 1.36E+22 1.58E+41 3.07E+22 0.00E+00 2.17E+35 0.00E+00 0.00E+00 0.00E+00 0.00E+00 0.00E+00 0.00E+00 0.00E+00 3.76E+37 0.00E+00 0.00E+00 0.00E+00 0.00E+00 0.00E+00 0.00E+00 0.00E+00 1.29E+32 6.18E+15 7.49E+26 7.97E+21 5.66E+18 4.05E+08 2.73E+16 2.55E+06 5.30E+35 0.00E+00 0.00E+00 0.00E+00 0.00E+00 0.00E+00 0.00E+00 0.00E+00 0.00E+00 0.00E+00 0.00E+00 0.00E+00 0.00E+00 0.00E+00 0.00E+00 0.00E+00 0.00E+00 0.00E+00 0.00E+00 0.00E+00
 200.00  2.966  1.43E+43 2.52E+42 1.77E+43 5.42E+26 1.24E+38 2.71E+22 2.52E+42 6.14E+22 0.00E+00 5.85E+36 0.00E+00 0.00E+00 0.00E+00 0.00E+00 0.00E+00 0.00E+00 0.00E+00 1.38E+39 0.00E+00 0.00E+00 0.00E+00 0.00E+00 0.00E+00 0.00E+00 0.00E+00 1.91E+33 1.13E+16 6.02E+27 3.46E+22 1.69E+19 3.30E+08 6.39E+16 1.69E+06 1.72E+37 0.00E+00 0.00E+00 0.00E+00 0.00E+00 0.00E+00 0.00E+00 0.00E+00 0.00E+00 0.00E+00 0.00E+00 0.00E+00 0.00E+00 0.00E+00 0.00E+00 0.00E+00 0.00E+00 0.00E+00 0.00E+00 0.00E+00
 
                    *********************************************************************************
                    *  Z= 97 A=250: Negative-parity Spin-dependent Level Density [MeV-1] for BK250  *
                    *********************************************************************************
 U[MeV]  T[MeV]  NCUMUL   RHOOBS   RHOTOT     J=00     J=01     J=02     J=03     J=04     J=05     J=06     J=07     J=08     J=09     J=10     J=11     J=12     J=13     J=14     J=15     J=16     J=17     J=18     J=19     J=20     J=21     J=22     J=23     J=24     J=25     J=26     J=27     J=28     J=29     J=30     J=31     J=32     J=33     J=34     J=35     J=36     J=37     J=38     J=39     J=40     J=41     J=42     J=43     J=44     J=45     J=46     J=47     J=48     J=49
   0.25  0.105  1.40E+01 1.08E+02 1.20E+03 2.49E-01 7.87E+00 6.34E+00 1.40E+01 1.25E+01 1.86E+01 1.54E+01 1.71E+01 1.23E+01 3.08E+00 0.00E+00 0.00E+00 0.00E+00 0.00E+00 0.00E+00 0.00E+00 0.00E+00 0.00E+00 0.00E+00 0.00E+00 0.00E+00 0.00E+00 0.00E+00 0.00E+00 0.00E+00 0.00E+00 0.00E+00 0.00E+00 0.00E+00 0.00E+00 0.00E+00 0.00E+00 0.00E+00 0.00E+00 0.00E+00 0.00E+00 0.00E+00 0.00E+00 0.00E+00 0.00E+00 0.00E+00 0.00E+00 0.00E+00 0.00E+00 0.00E+00 0.00E+00 0.00E+00 0.00E+00 0.00E+00 0.00E+00
   0.50  0.148  4.70E+01 1.59E+02 1.90E+03 4.99E-01 1.57E+01 9.52E+00 2.02E+01 1.23E+01 2.02E+01 1.54E+01 2.17E+01 1.70E+01 1.70E+01 9.25E+00 0.00E+00 0.00E+00 0.00E+00 0.00E+00 0.00E+00 0.00E+00 0.00E+00 0.00E+00 0.00E+00 0.00E+00 0.00E+00 0.00E+00 0.00E+00 0.00E+00 0.00E+00 0.00E+00 0.00E+00 0.00E+00 0.00E+00 0.00E+00 0.00E+00 0.00E+00 0.00E+00 0.00E+00 0.00E+00 0.00E+00 0.00E+00 0.00E+00 0.00E+00 0.00E+00 0.00E+00 0.00E+00 0.00E+00 0.00E+00 0.00E+00 0.00E+00 0.00E+00 0.00E+00 0.00E+00
   0.75  0.182  1.00E+02 2.62E+02 3.35E+03 6.23E-01 2.18E+01 1.75E+01 3.41E+01 2.34E+01 3.41E+01 1.72E+01 2.65E+01 2.17E+01 2.31E+01 1.70E+01 1.70E+01 7.71E+00 0.00E+00 0.00E+00 0.00E+00 0.00E+00 0.00E+00 0.00E+00 0.00E+00 0.00E+00 0.00E+00 0.00E+00 0.00E+00 0.00E+00 0.00E+00 0.00E+00 0.00E+00 0.00E+00 0.00E+00 0.00E+00 0.00E+00 0.00E+00 0.00E+00 0.00E+00 0.00E+00 0.00E+00 0.00E+00 0.00E+00 0.00E+00 0.00E+00 0.00E+00 0.00E+00 0.00E+00 0.00E+00 0.00E+00 0.00E+00 0.00E+00 0.00E+00 0.00E+00
   1.00  0.210  1.85E+02 4.24E+02 5.33E+03 1.12E+00 3.59E+01 2.38E+01 5.57E+01 4.69E+01 6.20E+01 3.90E+01 4.50E+01 2.49E+01 2.31E+01 1.85E+01 2.16E+01 1.54E+01 1.08E+01 0.00E+00 0.00E+00 0.00E+00 0.00E+00 0.00E+00 0.00E+00 0.00E+00 0.00E+00 0.00E+00 0.00E+00 0.00E+00 0.00E+00 0.00E+00 0.00E+00 0.00E+00 0.00E+00 0.00E+00 0.00E+00 0.00E+00 0.00E+00 0.00E+00 0.00E+00 0.00E+00 0.00E+00 0.00E+00 0.00E+00 0.00E+00 0.00E+00 0.00E+00 0.00E+00 0.00E+00 0.00E+00 0.00E+00 0.00E+00 0.00E+00 0.00E+00
   1.25  0.235  3.65E+02 1.01E+03 1.24E+04 1.50E+00 8.99E+01 7.27E+01 1.49E+02 9.32E+01 1.35E+02 9.50E+01 1.12E+02 8.24E+01 6.35E+01 3.40E+01 3.11E+01 1.85E+01 2.16E+01 1.39E+01 1.54E+00 0.00E+00 0.00E+00 0.00E+00 0.00E+00 0.00E+00 0.00E+00 0.00E+00 0.00E+00 0.00E+00 0.00E+00 0.00E+00 0.00E+00 0.00E+00 0.00E+00 0.00E+00 0.00E+00 0.00E+00 0.00E+00 0.00E+00 0.00E+00 0.00E+00 0.00E+00 0.00E+00 0.00E+00 0.00E+00 0.00E+00 0.00E+00 0.00E+00 0.00E+00 0.00E+00 0.00E+00 0.00E+00 0.00E+00 0.00E+00
   1.50  0.257  7.30E+02 1.90E+03 2.32E+04 1.62E+00 1.51E+02 1.25E+02 2.73E+02 2.21E+02 2.83E+02 1.91E+02 1.89E+02 1.23E+02 1.30E+02 7.30E+01 5.73E+01 2.32E+01 2.79E+01 1.70E+01 1.54E+01 1.54E+00 0.00E+00 0.00E+00 0.00E+00 0.00E+00 0.00E+00 0.00E+00 0.00E+00 0.00E+00 0.00E+00 0.00E+00 0.00E+00 0.00E+00 0.00E+00 0.00E+00 0.00E+00 0.00E+00 0.00E+00 0.00E+00 0.00E+00 0.00E+00 0.00E+00 0.00E+00 0.00E+00 0.00E+00 0.00E+00 0.00E+00 0.00E+00 0.00E+00 0.00E+00 0.00E+00 0.00E+00 0.00E+00 0.00E+00
   1.75  0.277  1.49E+03 4.20E+03 5.34E+04 2.12E+00 2.86E+02 2.63E+02 5.42E+02 4.33E+02 5.85E+02 4.50E+02 4.76E+02 3.44E+02 2.94E+02 1.67E+02 1.53E+02 7.43E+01 5.73E+01 2.31E+01 2.47E+01 1.54E+01 7.71E+00 0.00E+00 0.00E+00 0.00E+00 0.00E+00 0.00E+00 0.00E+00 0.00E+00 0.00E+00 0.00E+00 0.00E+00 0.00E+00 0.00E+00 0.00E+00 0.00E+00 0.00E+00 0.00E+00 0.00E+00 0.00E+00 0.00E+00 0.00E+00 0.00E+00 0.00E+00 0.00E+00 0.00E+00 0.00E+00 0.00E+00 0.00E+00 0.00E+00 0.00E+00 0.00E+00 0.00E+00 0.00E+00
   2.00  0.297  2.92E+03 7.20E+03 9.35E+04 2.74E+00 4.79E+02 4.49E+02 9.03E+02 6.96E+02 9.60E+02 7.43E+02 7.99E+02 6.06E+02 5.78E+02 3.43E+02 2.60E+02 1.47E+02 1.18E+02 5.11E+01 2.79E+01 2.00E+01 1.70E+01 3.08E+00 0.00E+00 0.00E+00 0.00E+00 0.00E+00 0.00E+00 0.00E+00 0.00E+00 0.00E+00 0.00E+00 0.00E+00 0.00E+00 0.00E+00 0.00E+00 0.00E+00 0.00E+00 0.00E+00 0.00E+00 0.00E+00 0.00E+00 0.00E+00 0.00E+00 0.00E+00 0.00E+00 0.00E+00 0.00E+00 0.00E+00 0.00E+00 0.00E+00 0.00E+00 0.00E+00 0.00E+00
   2.25  0.315  5.97E+03 1.72E+04 2.26E+05 4.36E+00 1.10E+03 1.05E+03 2.11E+03 1.69E+03 2.26E+03 1.75E+03 1.84E+03 1.41E+03 1.35E+03 8.94E+02 7.27E+02 3.98E+02 2.64E+02 1.56E+02 8.84E+01 3.39E+01 2.48E+01 1.70E+01 7.71E+00 0.00E+00 0.00E+00 0.00E+00 0.00E+00 0.00E+00 0.00E+00 0.00E+00 0.00E+00 0.00E+00 0.00E+00 0.00E+00 0.00E+00 0.00E+00 0.00E+00 0.00E+00 0.00E+00 0.00E+00 0.00E+00 0.00E+00 0.00E+00 0.00E+00 0.00E+00 0.00E+00 0.00E+00 0.00E+00 0.00E+00 0.00E+00 0.00E+00 0.00E+00 0.00E+00
   2.50  0.332  1.17E+04 2.87E+04 3.87E+05 3.37E+00 1.74E+03 1.67E+03 3.30E+03 2.69E+03 3.70E+03 3.02E+03 3.14E+03 2.36E+03 2.26E+03 1.58E+03 1.28E+03 7.67E+02 5.60E+02 2.80E+02 1.84E+02 7.58E+01 3.73E+01 2.00E+01 1.70E+01 1.54E+00 0.00E+00 0.00E+00 0.00E+00 0.00E+00 0.00E+00 0.00E+00 0.00E+00 0.00E+00 0.00E+00 0.00E+00 0.00E+00 0.00E+00 0.00E+00 0.00E+00 0.00E+00 0.00E+00 0.00E+00 0.00E+00 0.00E+00 0.00E+00 0.00E+00 0.00E+00 0.00E+00 0.00E+00 0.00E+00 0.00E+00 0.00E+00 0.00E+00 0.00E+00
   2.75  0.348  2.28E+04 6.00E+04 8.36E+05 4.86E+00 3.42E+03 3.29E+03 6.51E+03 5.38E+03 7.35E+03 6.04E+03 6.57E+03 5.09E+03 5.01E+03 3.43E+03 2.87E+03 1.87E+03 1.44E+03 8.18E+02 4.49E+02 2.14E+02 1.21E+02 4.65E+01 2.65E+01 1.55E+01 3.08E+00 0.00E+00 0.00E+00 0.00E+00 0.00E+00 0.00E+00 0.00E+00 0.00E+00 0.00E+00 0.00E+00 0.00E+00 0.00E+00 0.00E+00 0.00E+00 0.00E+00 0.00E+00 0.00E+00 0.00E+00 0.00E+00 0.00E+00 0.00E+00 0.00E+00 0.00E+00 0.00E+00 0.00E+00 0.00E+00 0.00E+00 0.00E+00 0.00E+00
   3.00  0.363  4.26E+04 9.89E+04 1.40E+06 1.06E+01 5.52E+03 5.25E+03 1.05E+04 8.82E+03 1.20E+04 9.84E+03 1.05E+04 8.37E+03 8.22E+03 5.85E+03 4.93E+03 3.22E+03 2.50E+03 1.54E+03 9.51E+02 4.10E+02 2.39E+02 1.07E+02 4.82E+01 2.66E+01 1.86E+01 1.25E-01 0.00E+00 0.00E+00 0.00E+00 0.00E+00 0.00E+00 0.00E+00 0.00E+00 0.00E+00 0.00E+00 0.00E+00 0.00E+00 0.00E+00 0.00E+00 0.00E+00 0.00E+00 0.00E+00 0.00E+00 0.00E+00 0.00E+00 0.00E+00 0.00E+00 0.00E+00 0.00E+00 0.00E+00 0.00E+00 0.00E+00 0.00E+00
   3.25  0.378  8.04E+04 2.03E+05 2.95E+06 1.47E+01 1.06E+04 1.04E+04 2.06E+04 1.74E+04 2.37E+04 1.97E+04 2.16E+04 1.73E+04 1.70E+04 1.24E+04 1.07E+04 7.25E+03 5.70E+03 3.64E+03 2.37E+03 1.25E+03 6.64E+02 3.01E+02 1.48E+02 5.33E+01 3.42E+01 1.87E+01 1.67E+00 0.00E+00 0.00E+00 0.00E+00 0.00E+00 0.00E+00 0.00E+00 0.00E+00 0.00E+00 0.00E+00 0.00E+00 0.00E+00 0.00E+00 0.00E+00 0.00E+00 0.00E+00 0.00E+00 0.00E+00 0.00E+00 0.00E+00 0.00E+00 0.00E+00 0.00E+00 0.00E+00 0.00E+00 0.00E+00 0.00E+00
   3.50  0.392  1.47E+05 3.27E+05 4.82E+06 1.68E+01 1.67E+04 1.64E+04 3.25E+04 2.78E+04 3.80E+04 3.16E+04 3.38E+04 2.77E+04 2.77E+04 2.04E+04 1.74E+04 1.21E+04 9.76E+03 6.35E+03 4.24E+03 2.37E+03 1.36E+03 6.50E+02 3.08E+02 1.31E+02 5.61E+01 2.52E+01 1.41E+01 1.54E+00 0.00E+00 0.00E+00 0.00E+00 0.00E+00 0.00E+00 0.00E+00 0.00E+00 0.00E+00 0.00E+00 0.00E+00 0.00E+00 0.00E+00 0.00E+00 0.00E+00 0.00E+00 0.00E+00 0.00E+00 0.00E+00 0.00E+00 0.00E+00 0.00E+00 0.00E+00 0.00E+00 0.00E+00 0.00E+00
   3.75  0.406  2.70E+05 6.61E+05 9.92E+06 3.53E+01 3.29E+04 3.23E+04 6.40E+04 5.40E+04 7.41E+04 6.25E+04 6.85E+04 5.60E+04 5.57E+04 4.13E+04 3.63E+04 2.55E+04 2.08E+04 1.42E+04 9.77E+03 5.60E+03 3.51E+03 1.93E+03 9.17E+02 3.95E+02 1.86E+02 6.77E+01 3.63E+01 1.58E+01 0.00E+00 0.00E+00 0.00E+00 0.00E+00 0.00E+00 0.00E+00 0.00E+00 0.00E+00 0.00E+00 0.00E+00 0.00E+00 0.00E+00 0.00E+00 0.00E+00 0.00E+00 0.00E+00 0.00E+00 0.00E+00 0.00E+00 0.00E+00 0.00E+00 0.00E+00 0.00E+00 0.00E+00 0.00E+00
   4.00  0.420  4.83E+05 1.04E+06 1.58E+07 3.73E+01 5.05E+04 4.94E+04 9.80E+04 8.47E+04 1.16E+05 9.82E+04 1.06E+05 8.82E+04 8.83E+04 6.65E+04 5.75E+04 4.11E+04 3.40E+04 2.33E+04 1.66E+04 9.93E+03 6.24E+03 3.61E+03 1.85E+03 8.35E+02 4.16E+02 1.60E+02 7.14E+01 3.29E+01 3.21E+00 0.00E+00 0.00E+00 0.00E+00 0.00E+00 0.00E+00 0.00E+00 0.00E+00 0.00E+00 0.00E+00 0.00E+00 0.00E+00 0.00E+00 0.00E+00 0.00E+00 0.00E+00 0.00E+00 0.00E+00 0.00E+00 0.00E+00 0.00E+00 0.00E+00 0.00E+00 0.00E+00 0.00E+00
   4.25  0.432  8.69E+05 2.04E+06 3.16E+07 5.88E+01 9.81E+04 9.62E+04 1.91E+05 1.62E+05 2.21E+05 1.85E+05 2.06E+05 1.71E+05 1.73E+05 1.32E+05 1.16E+05 8.42E+04 6.97E+04 4.90E+04 3.49E+04 2.21E+04 1.46E+04 8.78E+03 4.90E+03 2.52E+03 1.19E+03 5.25E+02 2.28E+02 8.19E+01 3.83E+01 3.64E+00 1.79E+00 0.00E+00 0.00E+00 0.00E+00 0.00E+00 0.00E+00 0.00E+00 0.00E+00 0.00E+00 0.00E+00 0.00E+00 0.00E+00 0.00E+00 0.00E+00 0.00E+00 0.00E+00 0.00E+00 0.00E+00 0.00E+00 0.00E+00 0.00E+00 0.00E+00 0.00E+00
   4.50  0.445  1.53E+06 3.21E+06 5.00E+07 6.93E+01 1.50E+05 1.47E+05 2.92E+05 2.53E+05 3.49E+05 2.96E+05 3.20E+05 2.65E+05 2.70E+05 2.06E+05 1.82E+05 1.34E+05 1.12E+05 7.91E+04 5.77E+04 3.64E+04 2.47E+04 1.55E+04 8.82E+03 4.84E+03 2.49E+03 1.09E+03 5.03E+02 1.74E+02 8.11E+01 2.43E+01 3.46E+00 2.31E-01 1.67E+00 0.00E+00 0.00E+00 0.00E+00 0.00E+00 0.00E+00 0.00E+00 0.00E+00 0.00E+00 0.00E+00 0.00E+00 0.00E+00 0.00E+00 0.00E+00 0.00E+00 0.00E+00 0.00E+00 0.00E+00 0.00E+00 0.00E+00 0.00E+00
   4.75  0.457  2.70E+06 6.21E+06 9.81E+07 1.10E+02 2.86E+05 2.81E+05 5.57E+05 4.78E+05 6.54E+05 5.53E+05 6.17E+05 5.19E+05 5.25E+05 4.02E+05 3.59E+05 2.65E+05 2.24E+05 1.62E+05 1.18E+05 7.67E+04 5.26E+04 3.42E+04 2.06E+04 1.18E+04 6.60E+03 3.17E+03 1.53E+03 6.76E+02 2.76E+02 9.50E+01 3.26E+01 8.32E+00 3.71E+00 0.00E+00 0.00E+00 0.00E+00 0.00E+00 0.00E+00 0.00E+00 0.00E+00 0.00E+00 0.00E+00 0.00E+00 0.00E+00 0.00E+00 0.00E+00 0.00E+00 0.00E+00 0.00E+00 0.00E+00 0.00E+00 0.00E+00 0.00E+00
   5.00  0.469  4.68E+06 9.63E+06 1.53E+08 1.50E+02 4.33E+05 4.26E+05 8.44E+05 7.35E+05 1.02E+06 8.68E+05 9.48E+05 7.93E+05 8.11E+05 6.29E+05 5.59E+05 4.15E+05 3.54E+05 2.56E+05 1.91E+05 1.25E+05 8.67E+04 5.71E+04 3.53E+04 2.11E+04 1.21E+04 6.19E+03 3.18E+03 1.45E+03 6.44E+02 2.57E+02 1.12E+02 2.49E+01 1.04E+01 1.54E+00 0.00E+00 0.00E+00 0.00E+00 0.00E+00 0.00E+00 0.00E+00 0.00E+00 0.00E+00 0.00E+00 0.00E+00 0.00E+00 0.00E+00 0.00E+00 0.00E+00 0.00E+00 0.00E+00 0.00E+00 0.00E+00 0.00E+00
   5.50  0.492  1.42E+07 2.84E+07 4.61E+08 3.80E+02 1.23E+06 1.22E+06 2.41E+06 2.11E+06 2.92E+06 2.51E+06 2.75E+06 2.32E+06 2.38E+06 1.86E+06 1.68E+06 1.26E+06 1.09E+06 8.00E+05 6.07E+05 4.07E+05 2.91E+05 1.98E+05 1.27E+05 8.03E+04 4.97E+04 2.79E+04 1.59E+04 8.38E+03 4.16E+03 1.94E+03 9.06E+02 3.97E+02 1.46E+02 3.86E+01 0.00E+00 0.00E+00 0.00E+00 0.00E+00 0.00E+00 0.00E+00 0.00E+00 0.00E+00 0.00E+00 0.00E+00 0.00E+00 0.00E+00 0.00E+00 0.00E+00 0.00E+00 0.00E+00 0.00E+00 0.00E+00 0.00E+00
   6.00  0.514  4.18E+07 8.21E+07 1.36E+09 1.08E+03 3.46E+06 3.41E+06 6.78E+06 5.95E+06 8.25E+06 7.12E+06 7.85E+06 6.65E+06 6.86E+06 5.42E+06 4.92E+06 3.75E+06 3.27E+06 2.44E+06 1.88E+06 1.29E+06 9.36E+05 6.57E+05 4.35E+05 2.85E+05 1.84E+05 1.10E+05 6.70E+04 3.84E+04 2.08E+04 1.09E+04 5.65E+03 2.74E+03 1.40E+03 4.64E+02 0.00E+00 0.00E+00 0.00E+00 0.00E+00 0.00E+00 0.00E+00 0.00E+00 0.00E+00 0.00E+00 0.00E+00 0.00E+00 0.00E+00 0.00E+00 0.00E+00 0.00E+00 0.00E+00 0.00E+00 0.00E+00 0.00E+00
   6.50  0.535  1.21E+08 2.34E+08 3.94E+09 2.85E+03 9.58E+06 9.44E+06 1.88E+07 1.65E+07 2.29E+07 1.99E+07 2.20E+07 1.89E+07 1.95E+07 1.56E+07 1.42E+07 1.09E+07 9.62E+06 7.28E+06 5.67E+06 3.94E+06 2.92E+06 2.09E+06 1.42E+06 9.60E+05 6.41E+05 4.00E+05 2.55E+05 1.56E+05 9.04E+04 5.07E+04 2.83E+04 1.53E+04 8.32E+03 3.42E+03 0.00E+00 0.00E+00 0.00E+00 0.00E+00 0.00E+00 0.00E+00 0.00E+00 0.00E+00 0.00E+00 0.00E+00 0.00E+00 0.00E+00 0.00E+00 0.00E+00 0.00E+00 0.00E+00 0.00E+00 0.00E+00 0.00E+00
   7.00  0.555  3.43E+08 6.54E+08 1.12E+10 7.16E+03 2.61E+07 2.58E+07 5.12E+07 4.52E+07 6.29E+07 5.47E+07 6.05E+07 5.24E+07 5.44E+07 4.37E+07 4.00E+07 3.12E+07 2.77E+07 2.12E+07 1.67E+07 1.17E+07 8.85E+06 6.47E+06 4.46E+06 3.10E+06 2.12E+06 1.37E+06 9.05E+05 5.74E+05 3.49E+05 2.07E+05 1.22E+05 7.06E+04 4.12E+04 1.89E+04 0.00E+00 0.00E+00 0.00E+00 0.00E+00 0.00E+00 0.00E+00 0.00E+00 0.00E+00 0.00E+00 0.00E+00 0.00E+00 0.00E+00 0.00E+00 0.00E+00 0.00E+00 0.00E+00 0.00E+00 0.00E+00 0.00E+00
   7.50  0.574  9.57E+08 1.80E+09 3.14E+10 1.83E+04 7.03E+07 6.94E+07 1.38E+08 1.22E+08 1.70E+08 1.49E+08 1.65E+08 1.43E+08 1.49E+08 1.21E+08 1.11E+08 8.72E+07 7.80E+07 6.05E+07 4.81E+07 3.43E+07 2.62E+07 1.95E+07 1.36E+07 9.66E+06 6.77E+06 4.50E+06 3.05E+06 2.00E+06 1.26E+06 7.79E+05 4.79E+05 2.89E+05 1.77E+05 8.70E+04 0.00E+00 0.00E+00 0.00E+00 0.00E+00 0.00E+00 0.00E+00 0.00E+00 0.00E+00 0.00E+00 0.00E+00 0.00E+00 0.00E+00 0.00E+00 0.00E+00 0.00E+00 0.00E+00 0.00E+00 0.00E+00 0.00E+00
   8.00  0.593  2.63E+09 4.87E+09 8.62E+10 4.41E+04 1.82E+08 1.80E+08 3.57E+08 3.21E+08 4.50E+08 3.96E+08 4.41E+08 3.85E+08 4.03E+08 3.27E+08 3.03E+08 2.39E+08 2.16E+08 1.68E+08 1.36E+08 9.80E+07 7.58E+07 5.72E+07 4.07E+07 2.93E+07 2.09E+07 1.42E+07 9.88E+06 6.63E+06 4.31E+06 2.75E+06 1.75E+06 1.10E+06 6.92E+05 3.59E+05 0.00E+00 0.00E+00 0.00E+00 0.00E+00 0.00E+00 0.00E+00 0.00E+00 0.00E+00 0.00E+00 0.00E+00 0.00E+00 0.00E+00 0.00E+00 0.00E+00 0.00E+00 0.00E+00 0.00E+00 0.00E+00 0.00E+00
   8.50  0.612  7.11E+09 1.31E+10 2.35E+11 1.11E+05 4.78E+08 4.73E+08 9.40E+08 8.47E+08 1.19E+09 1.05E+09 1.17E+09 1.03E+09 1.07E+09 8.78E+08 8.15E+08 6.50E+08 5.89E+08 4.63E+08 3.78E+08 2.74E+08 2.14E+08 1.64E+08 1.19E+08 8.67E+07 6.30E+07 4.36E+07 3.09E+07 2.12E+07 1.41E+07 9.19E+06 5.99E+06 3.87E+06 2.51E+06 1.35E+06 0.00E+00 0.00E+00 0.00E+00 0.00E+00 0.00E+00 0.00E+00 0.00E+00 0.00E+00 0.00E+00 0.00E+00 0.00E+00 0.00E+00 0.00E+00 0.00E+00 0.00E+00 0.00E+00 0.00E+00 0.00E+00 0.00E+00
   9.00  0.629  1.91E+10 3.48E+10 6.31E+11 2.76E+05 1.24E+09 1.23E+09 2.45E+09 2.21E+09 3.11E+09 2.75E+09 3.08E+09 2.71E+09 2.84E+09 2.34E+09 2.18E+09 1.74E+09 1.59E+09 1.26E+09 1.03E+09 7.57E+08 5.97E+08 4.61E+08 3.38E+08 2.51E+08 1.85E+08 1.30E+08 9.36E+07 6.54E+07 4.47E+07 2.97E+07 1.98E+07 1.31E+07 8.67E+06 3.95E+06 0.00E+00 0.00E+00 0.00E+00 0.00E+00 0.00E+00 0.00E+00 0.00E+00 0.00E+00 0.00E+00 0.00E+00 0.00E+00 0.00E+00 0.00E+00 0.00E+00 0.00E+00 0.00E+00 0.00E+00 0.00E+00 0.00E+00
   9.50  0.647  5.06E+10 9.13E+10 1.68E+12 6.82E+05 3.21E+09 3.18E+09 6.32E+09 5.72E+09 8.04E+09 7.14E+09 8.01E+09 7.07E+09 7.41E+09 6.13E+09 5.74E+09 4.61E+09 4.23E+09 3.37E+09 2.78E+09 2.06E+09 1.64E+09 1.28E+09 9.45E+08 7.10E+08 5.31E+08 3.80E+08 2.76E+08 1.97E+08 1.37E+08 9.26E+07 6.28E+07 4.23E+07 1.96E+07 7.17E+06 0.00E+00 0.00E+00 0.00E+00 0.00E+00 0.00E+00 0.00E+00 0.00E+00 0.00E+00 0.00E+00 0.00E+00 0.00E+00 0.00E+00 0.00E+00 0.00E+00 0.00E+00 0.00E+00 0.00E+00 0.00E+00 0.00E+00
  10.00  0.663  1.33E+11 2.37E+11 4.41E+12 1.67E+06 8.19E+09 8.11E+09 1.61E+10 1.46E+10 2.06E+10 1.83E+10 2.06E+10 1.82E+10 1.92E+10 1.59E+10 1.50E+10 1.21E+10 1.11E+10 8.94E+09 7.42E+09 5.53E+09 4.42E+09 3.49E+09 2.61E+09 1.98E+09 1.50E+09 1.08E+09 8.00E+08 5.77E+08 4.08E+08 2.80E+08 1.74E+08 7.94E+07 3.47E+07 1.24E+07 0.00E+00 0.00E+00 0.00E+00 0.00E+00 0.00E+00 0.00E+00 0.00E+00 0.00E+00 0.00E+00 0.00E+00 0.00E+00 0.00E+00 0.00E+00 0.00E+00 0.00E+00 0.00E+00 0.00E+00 0.00E+00 0.00E+00
  11.00  0.696  1.03E+12 1.56E+12 2.93E+13 9.83E+06 5.20E+10 5.15E+10 1.03E+11 9.33E+10 1.32E+11 1.18E+11 1.33E+11 1.18E+11 1.25E+11 1.04E+11 9.86E+10 8.04E+10 7.46E+10 6.06E+10 5.08E+10 3.84E+10 3.12E+10 2.50E+10 1.89E+10 1.46E+10 1.13E+10 8.36E+09 6.30E+09 4.30E+09 2.30E+09 1.14E+09 5.48E+08 2.42E+08 1.31E+08 4.14E+07 0.00E+00 0.00E+00 0.00E+00 0.00E+00 0.00E+00 0.00E+00 0.00E+00 0.00E+00 0.00E+00 0.00E+00 0.00E+00 0.00E+00 0.00E+00 0.00E+00 0.00E+00 0.00E+00 0.00E+00 0.00E+00 0.00E+00
  12.00  0.727  4.20E+12 4.78E+12 1.22E+14 5.64E+07 1.89E+10 2.08E+10 4.34E+10 6.07E+10 8.60E+10 1.42E+11 2.45E+11 2.74E+11 3.78E+11 4.13E+11 4.90E+11 4.32E+11 4.37E+11 3.70E+11 3.34E+11 2.55E+11 2.09E+11 1.70E+11 1.31E+11 1.03E+11 7.10E+10 4.50E+10 2.30E+10 1.18E+10 6.77E+09 3.17E+09 1.67E+09 7.84E+08 5.32E+08 1.21E+08 0.00E+00 0.00E+00 0.00E+00 0.00E+00 0.00E+00 0.00E+00 0.00E+00 0.00E+00 0.00E+00 0.00E+00 0.00E+00 0.00E+00 0.00E+00 0.00E+00 0.00E+00 0.00E+00 0.00E+00 0.00E+00 0.00E+00
  13.00  0.756  8.22E+12 3.26E+12 1.13E+14 2.81E+08 8.53E+09 9.05E+09 1.35E+10 7.41E+09 1.16E+10 3.08E+10 3.70E+10 2.98E+10 5.71E+10 5.49E+10 5.85E+10 5.91E+10 5.34E+10 1.46E+11 3.36E+11 3.72E+11 4.37E+11 3.62E+11 4.20E+11 3.09E+11 1.97E+11 1.18E+11 6.36E+10 3.20E+10 1.84E+10 9.62E+09 5.32E+09 2.73E+09 2.78E+09 3.94E+08 0.00E+00 0.00E+00 0.00E+00 0.00E+00 0.00E+00 0.00E+00 0.00E+00 0.00E+00 0.00E+00 0.00E+00 0.00E+00 0.00E+00 0.00E+00 0.00E+00 0.00E+00 0.00E+00 0.00E+00 0.00E+00 0.00E+00
  14.00  0.785  1.09E+13 2.19E+12 8.98E+13 4.92E+08 1.56E+09 9.80E+07 6.51E+08 3.42E+09 1.38E+10 9.53E+09 1.10E+10 7.25E+09 1.23E+10 1.77E+10 1.99E+10 1.11E+10 1.61E+10 1.21E+10 6.79E+10 4.49E+10 5.78E+10 7.14E+10 2.91E+11 4.16E+11 4.73E+11 2.91E+11 1.55E+11 8.44E+10 4.94E+10 2.48E+10 1.61E+10 8.37E+09 3.56E+09 1.19E+09 0.00E+00 0.00E+00 0.00E+00 0.00E+00 0.00E+00 0.00E+00 0.00E+00 0.00E+00 0.00E+00 0.00E+00 0.00E+00 0.00E+00 0.00E+00 0.00E+00 0.00E+00 0.00E+00 0.00E+00 0.00E+00 0.00E+00
  15.00  0.812  1.26E+13 1.10E+12 4.56E+13 4.80E+07 1.30E+10 1.76E+10 1.31E+10 1.51E+10 1.89E+10 1.19E+10 1.38E+10 4.68E+09 4.60E+09 1.37E+09 5.34E+09 5.19E+06 1.36E+10 1.04E+10 7.77E+09 4.28E+09 6.86E+09 2.60E+10 6.68E+10 2.03E+10 8.11E+10 3.49E+11 1.81E+11 9.51E+10 6.30E+10 2.52E+10 1.73E+10 8.38E+09 3.79E+09 1.56E+09 0.00E+00 0.00E+00 0.00E+00 0.00E+00 0.00E+00 0.00E+00 0.00E+00 0.00E+00 0.00E+00 0.00E+00 0.00E+00 0.00E+00 0.00E+00 0.00E+00 0.00E+00 0.00E+00 0.00E+00 0.00E+00 0.00E+00
  16.00  0.839  1.39E+13 1.47E+12 4.73E+13 4.68E+06 1.07E+11 3.50E+10 2.63E+11 6.67E+10 2.58E+10 1.48E+10 1.73E+10 3.02E+09 1.72E+09 1.06E+08 1.43E+09 2.42E+03 1.15E+10 9.01E+09 8.90E+08 4.09E+08 8.14E+08 9.44E+09 1.53E+10 9.92E+08 1.39E+10 4.17E+11 2.12E+11 1.07E+11 8.03E+10 2.55E+10 1.86E+10 8.39E+09 4.04E+09 2.03E+09 0.00E+00 0.00E+00 0.00E+00 0.00E+00 0.00E+00 0.00E+00 0.00E+00 0.00E+00 0.00E+00 0.00E+00 0.00E+00 0.00E+00 0.00E+00 0.00E+00 0.00E+00 0.00E+00 0.00E+00 0.00E+00 0.00E+00
  17.00  0.865  1.85E+13 7.68E+12 9.31E+13 4.57E+05 8.91E+11 6.98E+10 5.29E+12 2.95E+11 3.52E+10 1.84E+10 2.18E+10 1.95E+09 6.41E+08 8.26E+06 3.83E+08 1.13E+00 9.68E+09 7.78E+09 1.02E+08 3.90E+07 9.66E+07 3.43E+09 3.51E+09 4.85E+07 2.38E+09 4.99E+11 2.47E+11 1.21E+11 1.02E+11 2.58E+10 2.01E+10 8.39E+09 4.31E+09 2.65E+09 0.00E+00 0.00E+00 0.00E+00 0.00E+00 0.00E+00 0.00E+00 0.00E+00 0.00E+00 0.00E+00 0.00E+00 0.00E+00 0.00E+00 0.00E+00 0.00E+00 0.00E+00 0.00E+00 0.00E+00 0.00E+00 0.00E+00
  18.00  0.890  8.05E+13 1.16E+14 8.37E+14 4.46E+04 7.39E+12 1.39E+11 1.06E+14 1.30E+12 4.80E+10 2.28E+10 2.73E+10 1.26E+09 2.39E+08 6.41E+05 1.03E+08 0.00E+00 8.16E+09 6.72E+09 1.17E+07 3.71E+06 1.15E+07 1.25E+09 8.05E+08 2.37E+06 4.08E+08 5.96E+11 2.88E+11 1.36E+11 1.30E+11 2.62E+10 2.16E+10 8.40E+09 4.59E+09 3.46E+09 0.00E+00 0.00E+00 0.00E+00 0.00E+00 0.00E+00 0.00E+00 0.00E+00 0.00E+00 0.00E+00 0.00E+00 0.00E+00 0.00E+00 0.00E+00 0.00E+00 0.00E+00 0.00E+00 0.00E+00 0.00E+00 0.00E+00
  19.00  0.914  1.24E+15 2.21E+15 1.53E+16 4.36E+03 6.13E+13 2.78E+11 2.14E+15 5.77E+12 6.55E+10 2.84E+10 3.43E+10 8.11E+08 8.94E+07 4.97E+04 2.75E+07 0.00E+00 6.88E+09 5.80E+09 1.34E+06 3.54E+05 1.36E+06 4.53E+08 1.85E+08 1.16E+05 7.00E+07 7.13E+11 3.36E+11 1.53E+11 1.66E+11 2.65E+10 2.33E+10 8.41E+09 4.90E+09 4.51E+09 0.00E+00 0.00E+00 0.00E+00 0.00E+00 0.00E+00 0.00E+00 0.00E+00 0.00E+00 0.00E+00 0.00E+00 0.00E+00 0.00E+00 0.00E+00 0.00E+00 0.00E+00 0.00E+00 0.00E+00 0.00E+00 0.00E+00
  20.00  0.938  2.41E+16 4.35E+16 3.02E+17 4.25E+02 5.08E+14 5.54E+11 4.29E+16 2.55E+13 8.95E+10 3.53E+10 4.30E+10 5.23E+08 3.34E+07 3.85E+03 7.38E+06 0.00E+00 5.80E+09 5.00E+09 1.53E+05 3.38E+04 1.62E+05 1.65E+08 4.23E+07 5.65E+03 1.20E+07 8.53E+11 3.92E+11 1.73E+11 2.12E+11 2.68E+10 2.51E+10 8.41E+09 5.22E+09 5.89E+09 0.00E+00 0.00E+00 0.00E+00 0.00E+00 0.00E+00 0.00E+00 0.00E+00 0.00E+00 0.00E+00 0.00E+00 0.00E+00 0.00E+00 0.00E+00 0.00E+00 0.00E+00 0.00E+00 0.00E+00 0.00E+00 0.00E+00
  22.50  0.995  9.75E+19 7.79E+19 5.45E+20 0.00E+00 1.01E+17 3.11E+12 7.78E+19 1.05E+15 1.95E+11 6.10E+10 7.59E+10 1.75E+08 2.85E+06 6.46E+00 2.74E+05 0.00E+00 3.79E+09 3.46E+09 6.78E+02 9.48E+01 7.84E+02 1.31E+07 1.06E+06 2.98E+00 1.46E+05 1.34E+12 5.77E+11 2.32E+11 3.88E+11 2.77E+10 3.02E+10 8.43E+09 6.13E+09 1.15E+10 0.00E+00 0.00E+00 0.00E+00 0.00E+00 0.00E+00 0.00E+00 0.00E+00 0.00E+00 0.00E+00 0.00E+00 0.00E+00 0.00E+00 0.00E+00 0.00E+00 0.00E+00 0.00E+00 0.00E+00 0.00E+00 0.00E+00
  25.00  1.049  3.90E+20 1.56E+20 1.09E+21 0.00E+00 2.01E+17 1.75E+13 1.56E+20 4.31E+16 4.25E+11 1.05E+11 1.34E+11 5.84E+07 2.42E+05 0.00E+00 1.02E+04 0.00E+00 2.48E+09 2.40E+09 0.00E+00 0.00E+00 0.00E+00 1.04E+06 2.68E+04 0.00E+00 1.78E+03 2.09E+12 8.49E+11 3.13E+11 7.11E+11 2.86E+10 3.64E+10 8.45E+09 7.19E+09 2.23E+10 0.00E+00 0.00E+00 0.00E+00 0.00E+00 0.00E+00 0.00E+00 0.00E+00 0.00E+00 0.00E+00 0.00E+00 0.00E+00 0.00E+00 0.00E+00 0.00E+00 0.00E+00 0.00E+00 0.00E+00 0.00E+00 0.00E+00
  30.00  1.149  2.52E+21 6.96E+20 5.01E+21 0.00E+00 7.99E+17 5.52E+14 6.22E+20 7.27E+19 2.01E+12 3.14E+11 4.17E+11 6.53E+06 1.76E+03 0.00E+00 1.41E+01 0.00E+00 1.06E+09 1.15E+09 0.00E+00 0.00E+00 0.00E+00 6.63E+03 1.70E+01 0.00E+00 2.63E-01 5.12E+12 1.84E+12 5.68E+11 2.39E+12 3.05E+10 5.27E+10 8.48E+09 9.90E+09 8.44E+10 0.00E+00 0.00E+00 0.00E+00 0.00E+00 0.00E+00 0.00E+00 0.00E+00 0.00E+00 0.00E+00 0.00E+00 0.00E+00 0.00E+00 0.00E+00 0.00E+00 0.00E+00 0.00E+00 0.00E+00 0.00E+00 0.00E+00
  40.00  1.327  5.69E+22 1.02E+22 7.16E+22 0.00E+00 1.26E+19 5.49E+17 9.94E+21 2.18E+20 4.53E+13 2.78E+12 4.04E+12 8.16E+04 9.28E-02 0.00E+00 0.00E+00 0.00E+00 1.92E+08 2.63E+08 0.00E+00 0.00E+00 0.00E+00 2.67E-01 0.00E+00 0.00E+00 0.00E+00 3.07E+13 8.60E+12 1.87E+12 2.69E+13 3.47E+10 1.11E+11 8.56E+09 1.88E+10 1.21E+12 0.00E+00 0.00E+00 0.00E+00 0.00E+00 0.00E+00 0.00E+00 0.00E+00 0.00E+00 0.00E+00 0.00E+00 0.00E+00 0.00E+00 0.00E+00 0.00E+00 0.00E+00 0.00E+00 0.00E+00 0.00E+00 0.00E+00
  50.00  1.483  9.06E+23 1.60E+23 1.12E+24 0.00E+00 2.00E+20 1.10E+18 1.59E+23 6.54E+20 1.02E+15 2.47E+13 3.92E+13 1.02E+03 0.00E+00 0.00E+00 0.00E+00 0.00E+00 3.50E+07 6.04E+07 0.00E+00 0.00E+00 0.00E+00 0.00E+00 0.00E+00 0.00E+00 0.00E+00 1.84E+14 4.03E+13 6.14E+12 3.04E+14 3.95E+10 2.32E+11 8.63E+09 3.56E+10 1.73E+13 0.00E+00 0.00E+00 0.00E+00 0.00E+00 0.00E+00 0.00E+00 0.00E+00 0.00E+00 0.00E+00 0.00E+00 0.00E+00 0.00E+00 0.00E+00 0.00E+00 0.00E+00 0.00E+00 0.00E+00 0.00E+00 0.00E+00
  60.00  1.625  1.44E+25 2.54E+24 1.78E+25 0.00E+00 3.17E+21 2.20E+18 2.54E+24 1.96E+21 2.30E+16 2.19E+14 3.80E+14 1.27E+01 0.00E+00 0.00E+00 0.00E+00 0.00E+00 6.37E+06 1.38E+07 0.00E+00 0.00E+00 0.00E+00 0.00E+00 0.00E+00 0.00E+00 0.00E+00 1.10E+15 1.89E+14 2.02E+13 3.43E+15 4.50E+10 4.88E+11 8.70E+09 6.76E+10 2.49E+14 0.00E+00 0.00E+00 0.00E+00 0.00E+00 0.00E+00 0.00E+00 0.00E+00 0.00E+00 0.00E+00 0.00E+00 0.00E+00 0.00E+00 0.00E+00 0.00E+00 0.00E+00 0.00E+00 0.00E+00 0.00E+00 0.00E+00
  70.00  1.755  2.30E+26 4.06E+25 2.84E+26 0.00E+00 5.03E+22 4.39E+18 4.06E+25 5.88E+21 5.17E+17 1.94E+15 3.68E+15 0.00E+00 0.00E+00 0.00E+00 0.00E+00 0.00E+00 1.16E+06 3.18E+06 0.00E+00 0.00E+00 0.00E+00 0.00E+00 0.00E+00 0.00E+00 0.00E+00 6.61E+15 8.83E+14 6.65E+13 3.87E+16 5.12E+10 1.03E+12 8.77E+09 1.28E+11 3.56E+15 0.00E+00 0.00E+00 0.00E+00 0.00E+00 0.00E+00 0.00E+00 0.00E+00 0.00E+00 0.00E+00 0.00E+00 0.00E+00 0.00E+00 0.00E+00 0.00E+00 0.00E+00 0.00E+00 0.00E+00 0.00E+00 0.00E+00
  80.00  1.876  3.68E+27 6.49E+26 4.54E+27 0.00E+00 7.96E+23 8.77E+18 6.49E+26 1.76E+22 1.16E+19 1.73E+16 3.57E+16 0.00E+00 0.00E+00 0.00E+00 0.00E+00 0.00E+00 2.11E+05 7.28E+05 0.00E+00 0.00E+00 0.00E+00 0.00E+00 0.00E+00 0.00E+00 0.00E+00 3.96E+16 4.13E+15 2.19E+14 4.37E+17 5.82E+10 2.15E+12 8.85E+09 2.43E+11 5.11E+16 0.00E+00 0.00E+00 0.00E+00 0.00E+00 0.00E+00 0.00E+00 0.00E+00 0.00E+00 0.00E+00 0.00E+00 0.00E+00 0.00E+00 0.00E+00 0.00E+00 0.00E+00 0.00E+00 0.00E+00 0.00E+00 0.00E+00
  90.00  1.990  5.88E+28 1.04E+28 7.26E+28 0.00E+00 1.26E+25 1.75E+19 1.04E+28 5.29E+22 2.62E+20 1.53E+17 3.46E+17 0.00E+00 0.00E+00 0.00E+00 0.00E+00 0.00E+00 3.84E+04 1.67E+05 0.00E+00 0.00E+00 0.00E+00 0.00E+00 0.00E+00 0.00E+00 0.00E+00 2.38E+17 1.94E+16 7.20E+14 4.93E+18 6.62E+10 4.53E+12 8.92E+09 4.62E+11 7.32E+17 0.00E+00 0.00E+00 0.00E+00 0.00E+00 0.00E+00 0.00E+00 0.00E+00 0.00E+00 0.00E+00 0.00E+00 0.00E+00 0.00E+00 0.00E+00 0.00E+00 0.00E+00 0.00E+00 0.00E+00 0.00E+00 0.00E+00
 100.00  2.098  9.40E+29 1.66E+29 1.16E+30 0.00E+00 2.00E+26 3.51E+19 1.66E+29 1.59E+23 5.89E+21 1.36E+18 3.35E+18 0.00E+00 0.00E+00 0.00E+00 0.00E+00 0.00E+00 6.99E+03 3.83E+04 0.00E+00 0.00E+00 0.00E+00 0.00E+00 0.00E+00 0.00E+00 0.00E+00 1.42E+18 9.06E+16 2.37E+15 5.56E+19 7.54E+10 9.51E+12 9.00E+09 8.76E+11 1.05E+19 0.00E+00 0.00E+00 0.00E+00 0.00E+00 0.00E+00 0.00E+00 0.00E+00 0.00E+00 0.00E+00 0.00E+00 0.00E+00 0.00E+00 0.00E+00 0.00E+00 0.00E+00 0.00E+00 0.00E+00 0.00E+00 0.00E+00
 110.00  2.200  1.50E+31 2.65E+30 1.85E+31 0.00E+00 3.16E+27 7.01E+19 2.65E+30 4.75E+23 1.33E+23 1.21E+19 3.25E+19 0.00E+00 0.00E+00 0.00E+00 0.00E+00 0.00E+00 1.27E+03 8.79E+03 0.00E+00 0.00E+00 0.00E+00 0.00E+00 0.00E+00 0.00E+00 0.00E+00 8.54E+18 4.24E+17 7.79E+15 6.28E+20 8.58E+10 2.00E+13 9.07E+09 1.66E+12 1.51E+20 0.00E+00 0.00E+00 0.00E+00 0.00E+00 0.00E+00 0.00E+00 0.00E+00 0.00E+00 0.00E+00 0.00E+00 0.00E+00 0.00E+00 0.00E+00 0.00E+00 0.00E+00 0.00E+00 0.00E+00 0.00E+00 0.00E+00
 120.00  2.298  2.40E+32 4.24E+31 2.96E+32 0.00E+00 5.01E+28 1.40E+20 4.23E+31 1.43E+24 2.98E+24 1.07E+20 3.15E+20 0.00E+00 0.00E+00 0.00E+00 0.00E+00 0.00E+00 2.32E+02 2.02E+03 0.00E+00 0.00E+00 0.00E+00 0.00E+00 0.00E+00 0.00E+00 0.00E+00 5.12E+19 1.99E+18 2.56E+16 7.08E+21 9.76E+10 4.20E+13 9.15E+09 3.15E+12 2.16E+21 0.00E+00 0.00E+00 0.00E+00 0.00E+00 0.00E+00 0.00E+00 0.00E+00 0.00E+00 0.00E+00 0.00E+00 0.00E+00 0.00E+00 0.00E+00 0.00E+00 0.00E+00 0.00E+00 0.00E+00 0.00E+00 0.00E+00
 130.00  2.392  3.84E+33 6.77E+32 4.74E+33 0.00E+00 7.94E+29 2.80E+20 6.76E+32 4.28E+24 6.72E+25 9.50E+20 3.05E+21 0.00E+00 0.00E+00 0.00E+00 0.00E+00 0.00E+00 0.00E+00 4.62E+02 0.00E+00 0.00E+00 0.00E+00 0.00E+00 0.00E+00 0.00E+00 0.00E+00 3.07E+20 9.30E+18 8.44E+16 7.99E+22 1.11E+11 8.81E+13 9.23E+09 5.98E+12 3.09E+22 0.00E+00 0.00E+00 0.00E+00 0.00E+00 0.00E+00 0.00E+00 0.00E+00 0.00E+00 0.00E+00 0.00E+00 0.00E+00 0.00E+00 0.00E+00 0.00E+00 0.00E+00 0.00E+00 0.00E+00 0.00E+00 0.00E+00
 140.00  2.482  6.13E+34 1.08E+34 7.57E+34 0.00E+00 1.26E+31 5.60E+20 1.08E+34 1.28E+25 1.51E+27 8.43E+21 2.96E+22 0.00E+00 0.00E+00 0.00E+00 0.00E+00 0.00E+00 0.00E+00 0.00E+00 0.00E+00 0.00E+00 0.00E+00 0.00E+00 0.00E+00 0.00E+00 0.00E+00 1.84E+21 4.35E+19 2.78E+17 9.02E+23 1.26E+11 1.85E+14 9.30E+09 1.14E+13 4.43E+23 0.00E+00 0.00E+00 0.00E+00 0.00E+00 0.00E+00 0.00E+00 0.00E+00 0.00E+00 0.00E+00 0.00E+00 0.00E+00 0.00E+00 0.00E+00 0.00E+00 0.00E+00 0.00E+00 0.00E+00 0.00E+00 0.00E+00
 150.00  2.569  9.80E+35 1.73E+35 1.21E+36 0.00E+00 1.99E+32 1.12E+21 1.73E+35 3.85E+25 3.40E+28 7.48E+22 2.87E+23 0.00E+00 0.00E+00 0.00E+00 0.00E+00 0.00E+00 0.00E+00 0.00E+00 0.00E+00 0.00E+00 0.00E+00 0.00E+00 0.00E+00 0.00E+00 0.00E+00 1.10E+22 2.04E+20 9.13E+17 1.02E+25 1.44E+11 3.89E+14 9.38E+09 2.15E+13 6.35E+24 0.00E+00 0.00E+00 0.00E+00 0.00E+00 0.00E+00 0.00E+00 0.00E+00 0.00E+00 0.00E+00 0.00E+00 0.00E+00 0.00E+00 0.00E+00 0.00E+00 0.00E+00 0.00E+00 0.00E+00 0.00E+00 0.00E+00
 160.00  2.653  1.57E+37 2.76E+36 1.93E+37 0.00E+00 3.15E+33 2.24E+21 2.76E+36 1.15E+26 7.66E+29 6.64E+23 2.78E+24 0.00E+00 0.00E+00 0.00E+00 0.00E+00 0.00E+00 0.00E+00 0.00E+00 0.00E+00 0.00E+00 0.00E+00 0.00E+00 0.00E+00 0.00E+00 0.00E+00 6.61E+22 9.55E+20 3.00E+18 1.15E+26 1.64E+11 8.17E+14 9.46E+09 4.09E+13 9.11E+25 0.00E+00 0.00E+00 0.00E+00 0.00E+00 0.00E+00 0.00E+00 0.00E+00 0.00E+00 0.00E+00 0.00E+00 0.00E+00 0.00E+00 0.00E+00 0.00E+00 0.00E+00 0.00E+00 0.00E+00 0.00E+00 0.00E+00
 170.00  2.735  2.50E+38 4.42E+37 3.09E+38 0.00E+00 4.99E+34 4.47E+21 4.41E+37 3.46E+26 1.72E+31 5.89E+24 2.69E+25 0.00E+00 0.00E+00 0.00E+00 0.00E+00 0.00E+00 0.00E+00 0.00E+00 0.00E+00 0.00E+00 0.00E+00 0.00E+00 0.00E+00 0.00E+00 0.00E+00 3.96E+23 4.47E+21 9.89E+18 1.30E+27 1.86E+11 1.72E+15 9.54E+09 7.75E+13 1.31E+27 0.00E+00 0.00E+00 0.00E+00 0.00E+00 0.00E+00 0.00E+00 0.00E+00 0.00E+00 0.00E+00 0.00E+00 0.00E+00 0.00E+00 0.00E+00 0.00E+00 0.00E+00 0.00E+00 0.00E+00 0.00E+00 0.00E+00
 180.00  2.814  4.00E+39 7.06E+38 4.94E+39 0.00E+00 7.91E+35 8.94E+21 7.05E+38 1.04E+27 3.88E+32 5.23E+25 2.61E+26 0.00E+00 0.00E+00 0.00E+00 0.00E+00 0.00E+00 0.00E+00 0.00E+00 0.00E+00 0.00E+00 0.00E+00 0.00E+00 0.00E+00 0.00E+00 0.00E+00 2.38E+24 2.09E+22 3.25E+19 1.46E+28 2.12E+11 3.60E+15 9.62E+09 1.47E+14 1.87E+28 0.00E+00 0.00E+00 0.00E+00 0.00E+00 0.00E+00 0.00E+00 0.00E+00 0.00E+00 0.00E+00 0.00E+00 0.00E+00 0.00E+00 0.00E+00 0.00E+00 0.00E+00 0.00E+00 0.00E+00 0.00E+00 0.00E+00
 190.00  2.891  6.40E+40 1.13E+40 7.90E+40 0.00E+00 1.25E+37 1.79E+22 1.13E+40 3.11E+27 8.73E+33 4.64E+26 2.53E+27 0.00E+00 0.00E+00 0.00E+00 0.00E+00 0.00E+00 0.00E+00 0.00E+00 0.00E+00 0.00E+00 0.00E+00 0.00E+00 0.00E+00 0.00E+00 0.00E+00 1.42E+25 9.80E+22 1.07E+20 1.65E+29 2.41E+11 7.57E+15 9.70E+09 2.79E+14 2.68E+29 0.00E+00 0.00E+00 0.00E+00 0.00E+00 0.00E+00 0.00E+00 0.00E+00 0.00E+00 0.00E+00 0.00E+00 0.00E+00 0.00E+00 0.00E+00 0.00E+00 0.00E+00 0.00E+00 0.00E+00 0.00E+00 0.00E+00
 200.00  2.966  1.02E+42 1.80E+41 1.26E+42 0.00E+00 1.98E+38 3.57E+22 1.80E+41 9.33E+27 1.97E+35 4.12E+27 2.45E+28 0.00E+00 0.00E+00 0.00E+00 0.00E+00 0.00E+00 0.00E+00 0.00E+00 0.00E+00 0.00E+00 0.00E+00 0.00E+00 0.00E+00 0.00E+00 0.00E+00 8.54E+25 4.59E+23 3.52E+20 1.86E+30 2.74E+11 1.59E+16 9.78E+09 5.29E+14 3.85E+30 0.00E+00 0.00E+00 0.00E+00 0.00E+00 0.00E+00 0.00E+00 0.00E+00 0.00E+00 0.00E+00 0.00E+00 0.00E+00 0.00E+00 0.00E+00 0.00E+00 0.00E+00 0.00E+00 0.00E+00 0.00E+00 0.00E+00
 
