#--------------------------------------------------------------------
# Z = 93  A = 236 Np  nbeta= 131  Egs= 0.000 MeV  E(0+)= 0.0000 MeV
#     beta20      beta22      beta30       E-EGS          Mu
#--------------------------------------------------------------------
      -0.000       0.000       0.000       7.896     131.898
       0.020       0.000      -0.000       7.701     147.060
       0.040       0.000       0.062       7.283     177.883
       0.060       0.000       0.075       7.080     201.671
       0.080       0.000       0.086       6.828     200.140
       0.100       0.000       0.108       6.360     200.278
       0.120       0.000       0.121       5.688     242.871
       0.140       0.000       0.127       4.888     276.685
       0.160       0.000       0.136       4.107     263.654
       0.180       0.000       0.148       3.302     221.117
       0.200       0.000       0.138       2.587     240.983
       0.220       0.000       0.117       1.658     355.350
       0.240       0.000       0.000       1.122     275.112
       0.260       0.000      -0.000       0.435     389.768
       0.280       0.000       0.000       0.000     605.700
       0.300       0.000      -0.000       0.079     825.593
       0.320       0.000       0.000       0.689     761.729
       0.340       0.000      -0.000       1.702     348.792
       0.360       0.000       0.000       2.914     264.438
       0.380       0.000      -0.000       4.032     199.972
       0.400       0.000      -0.000       5.015     211.026
       0.420       0.000      -0.000       5.781     264.937
       0.440       0.000      -0.000       6.418     276.259
       0.460       0.000      -0.000       6.751     283.815
       0.480       0.000      -0.000       6.985     296.433
       0.500       0.000       0.000       7.129     165.519
       0.520       0.000      -0.000       7.166     168.024
       0.540       0.000      -0.000       7.117     166.133
       0.560       0.000       0.000       7.050     155.594
       0.580       0.000       0.000       6.860     162.603
       0.600       0.000       0.000       6.581     189.968
       0.620       0.000       0.000       6.256     198.906
       0.640       0.000       0.000       5.855     207.468
       0.660       0.000      -0.000       5.392     225.362
       0.680       0.000       0.000       5.032     230.260
       0.700       0.000       0.000       4.736     226.498
       0.720       0.000      -0.000       4.437     192.001
       0.740       0.000      -0.000       4.204     192.362
       0.760       0.000       0.000       4.008     218.402
       0.780       0.000       0.000       3.577     208.539
       0.800       0.000      -0.000       2.843     131.992
       0.820       0.000       0.000       2.181     117.357
       0.840       0.000       0.000       1.767     110.567
       0.860       0.000       0.000       1.624     100.427
       0.880       0.000      -0.000       1.349     214.481
       0.900       0.000       0.000       1.174     377.306
       0.920       0.000      -0.000       1.263     464.564
       0.940       0.000       0.000       1.562     343.077
       0.960       0.000       0.000       1.871     292.703
       0.980       0.000       0.000       2.205     288.903
       1.000       0.000      -0.000       2.571     188.357
       1.020       0.000      -0.000       2.926     121.875
       1.040       0.000       0.000       3.277     102.344
       1.060       0.000      -0.000       3.671      90.244
       1.080       0.000       0.000       4.090      87.054
       1.100       0.000       0.000       4.531      92.131
       1.120       0.000       0.000       4.925     143.118
       1.140       0.000       0.000       5.295     143.660
       1.160       0.000       0.348       5.684     205.930
       1.180       0.000       0.376       5.955     158.294
       1.200       0.000       0.366       6.187      70.702
       1.220       0.000       0.392       6.184      80.593
       1.240       0.000       0.410       6.096      97.241
       1.260       0.000       0.428       5.972     130.669
       1.280       0.000       0.447       5.876     123.799
       1.300       0.000       0.459       5.743      96.464
       1.320       0.000       0.473       5.570      87.411
       1.340       0.000       0.489       5.406      79.250
       1.360       0.000       0.505       5.300      74.218
       1.380       0.000       0.514       5.109      80.846
       1.400       0.000       0.527       4.826      88.223
       1.420       0.000       0.542       4.584      99.125
       1.440       0.000       0.558       4.374     107.840
       1.460       0.000       0.576       4.189     112.258
       1.480       0.000       0.596       4.011     111.533
       1.500       0.000       0.616       3.845     108.712
       1.520       0.000       0.636       3.663     105.534
       1.540       0.000       0.657       3.476     103.940
       1.560       0.000       0.674       3.280     103.350
       1.580       0.000       0.692       3.061     105.966
       1.600       0.000       0.706       2.870     107.358
       1.620       0.000       0.720       2.676     107.922
       1.640       0.000       0.733       2.506     107.186
       1.660       0.000       0.745       2.341     105.280
       1.680       0.000       0.758       2.185     102.603
       1.700       0.000       0.769       2.045      99.373
       1.720       0.000       0.781       1.918      95.872
       1.740       0.000       0.793       1.803      91.986
       1.760       0.000       0.805       1.690      88.428
       1.780       0.000       0.817       1.583      85.345
       1.800       0.000       0.830       1.484      83.245
       1.820       0.000       0.843       1.388      82.193
       1.840       0.000       0.857       1.323      82.901
       1.860       0.000       0.871       1.229      84.646
       1.880       0.000       0.886       1.133      88.068
       1.900       0.000       0.901       1.033      92.683
       1.920       0.000       0.916       0.920      98.053
       1.940       0.000       0.930       0.823     105.251
       1.960       0.000       0.943       0.719     111.812
       1.980       0.000       0.957       0.618     118.104
       2.000       0.000       0.969       0.521     122.958
       2.020       0.000       0.982       0.391     126.199
       2.040       0.000       0.994       0.271     126.987
       2.060       0.000       1.007       0.160     123.603
       2.080       0.000       1.019       0.063     115.135
       2.100       0.000       1.030      -0.021     103.226
       2.120       0.000       1.041      -0.093      91.339
       2.140       0.000       1.072      -0.262     117.930
       2.160       0.000       1.085      -0.434     137.224
       2.180       0.000       1.097      -0.596     161.244
       2.200       0.000       1.109      -0.749     187.204
       2.220       0.000       1.122      -0.893     208.307
       2.240       0.000       1.134      -1.027     216.283
       2.260       0.000       1.146      -1.152     207.539
       2.280       0.000       1.159      -1.267     187.473
       2.300       0.000       1.171      -1.372     164.726
       2.320       0.000       1.183      -1.469     157.351
       2.340       0.000       1.196      -1.554     175.026
       2.360       0.000       1.208      -1.629     190.693
       2.380       0.000       1.220      -1.694     196.676
       2.400       0.000       1.232      -1.749     187.736
       2.420       0.000       1.244      -1.794     166.785
       2.440       0.000       1.256      -1.829     141.841
       2.460       0.000       1.268      -1.857     119.238
       2.480       0.000       1.280      -1.877     101.282
       2.500       0.000       1.293      -1.892      87.822
       2.520       0.000       1.305      -1.903      78.082
       2.540       0.000       1.317      -1.912      71.176
       2.560       0.000       1.330      -1.921      66.449
       2.580       0.000       1.356      -1.977      70.276
       2.600       0.000       1.368      -2.081      77.359
