#--------------------------------------------------------------------
# Z = 94  A = 243 Pu  nbeta= 129  Egs= 0.000 MeV  E(0+)= 0.0000 MeV
#     beta20      beta22      beta30       E-EGS          Mu
#--------------------------------------------------------------------
       0.000       0.000      -0.000       9.500     146.077
       0.020       0.000       0.000       9.472     144.530
       0.040       0.000       0.085       9.301     154.666
       0.060       0.000       0.098       8.984     165.065
       0.080       0.000       0.109       8.573     198.246
       0.100       0.000       0.113       8.071     204.303
       0.120       0.000       0.114       7.586     176.407
       0.140       0.000       0.111       6.964     177.653
       0.160       0.000       0.097       6.201     178.279
       0.180       0.000       0.042       5.148     167.178
       0.200       0.000       0.002       3.953     163.886
       0.220       0.000       0.000       2.796     155.935
       0.240       0.000       0.000       1.722     153.537
       0.260       0.000      -0.000       0.829     152.073
       0.280       0.000      -0.000       0.223     152.382
       0.300       0.000      -0.000       0.000     163.206
       0.320       0.000      -0.000       0.218     182.784
       0.340       0.000       0.000       0.854     258.700
       0.360       0.000      -0.000       1.654     650.065
       0.380       0.000       0.000       2.544     222.036
       0.400       0.000       0.000       3.399     132.534
       0.420       0.000      -0.000       4.445     119.591
       0.440       0.000      -0.000       5.551     128.027
       0.460       0.000       0.000       6.541     128.827
       0.480       0.000      -0.000       7.287     135.991
       0.500       0.000      -0.000       7.781     153.189
       0.520       0.000      -0.000       8.074     158.928
       0.540       0.000       0.000       8.215     161.259
       0.560       0.000      -0.000       8.182     166.000
       0.580       0.000      -0.000       8.082     164.413
       0.600       0.000      -0.000       7.937     156.996
       0.620       0.000      -0.000       7.793     147.958
       0.640       0.000       0.000       7.487     133.632
       0.660       0.000       0.000       7.104     153.374
       0.680       0.000      -0.000       6.677     160.085
       0.700       0.000      -0.000       6.145     162.625
       0.720       0.000       0.000       5.551     169.082
       0.740       0.000      -0.000       4.957     168.503
       0.760       0.000      -0.000       4.455     155.209
       0.780       0.000       0.000       4.036     106.455
       0.800       0.000       0.000       3.586     105.052
       0.820       0.000      -0.000       3.180     106.867
       0.840       0.000      -0.000       2.891     113.132
       0.860       0.000       0.000       2.761     131.313
       0.880       0.000      -0.000       2.607     212.570
       0.900       0.000       0.000       2.471     221.666
       0.920       0.000       0.000       2.476     161.245
       0.940       0.000      -0.000       2.328      89.680
       0.960       0.000       0.000       2.290      82.820
       0.980       0.000       0.000       2.416      86.853
       1.000       0.000       0.000       2.487     193.125
       1.020       0.000      -0.000       2.555     227.334
       1.040       0.000      -0.000       2.765     188.092
       1.080       0.000      -0.000       2.953     148.130
       1.100       0.000       0.000       3.089     372.528
       1.120       0.000       0.000       3.410     375.775
       1.140       0.000       0.000       3.882     343.567
       1.160       0.000       0.269       4.024     186.448
       1.180       0.000       0.276       4.432      54.795
       1.200       0.000       0.314       4.725      57.575
       1.220       0.000       0.351       5.070      59.859
       1.240       0.000       0.388       5.419      61.821
       1.260       0.000       0.425       5.741      63.434
       1.280       0.000       0.457       6.017      64.836
       1.300       0.000       0.485       6.251      66.478
       1.320       0.000       0.504       6.417      69.736
       1.340       0.000       0.516       6.476      72.368
       1.360       0.000       0.525       6.498      71.699
       1.380       0.000       0.530       6.423      70.575
       1.400       0.000       0.532       6.264      70.178
       1.420       0.000       0.535       5.994      70.880
       1.440       0.000       0.539       5.612      79.080
       1.460       0.000       0.544       5.195      87.057
       1.480       0.000       0.551       4.763      95.841
       1.500       0.000       0.560       4.348     103.349
       1.520       0.000       0.570       3.936     108.582
       1.540       0.000       0.581       3.545     109.974
       1.560       0.000       0.592       3.191     107.017
       1.580       0.000       0.605       2.840      96.162
       1.600       0.000       0.617       2.500      93.949
       1.620       0.000       0.631       2.155      91.133
       1.640       0.000       0.645       1.843      88.165
       1.660       0.000       0.660       1.543      85.420
       1.680       0.000       0.677       1.272      82.767
       1.700       0.000       0.693       1.018      80.073
       1.720       0.000       0.709       0.792      77.571
       1.740       0.000       0.725       0.594      75.033
       1.760       0.000       0.742       0.414      72.875
       1.780       0.000       0.758       0.260      71.216
       1.800       0.000       0.774       0.127      70.800
       1.820       0.000       0.801      -0.012      58.949
       1.840       0.000       0.813      -0.117      58.904
       1.860       0.000       0.824      -0.227      59.223
       1.880       0.000       0.836      -0.312      60.121
       1.900       0.000       0.847      -0.373      61.494
       1.920       0.000       0.859      -0.427      62.878
       1.940       0.000       0.871      -0.442      63.172
       1.960       0.000       0.883      -0.455      62.282
       1.980       0.000       0.895      -0.458      60.209
       2.000       0.000       0.906      -0.464      57.349
       2.020       0.000       0.919      -0.451      54.438
       2.040       0.000       0.932      -0.424      51.612
       2.060       0.000       0.945      -0.388      49.429
       2.080       0.000       0.959      -0.343      47.930
       2.100       0.000       0.973      -0.292      46.761
       2.120       0.000       0.987      -0.238      45.928
       2.140       0.000       1.001      -0.178      45.509
       2.160       0.000       1.014      -0.127      45.124
       2.180       0.000       1.026      -0.080      44.856
       2.200       0.000       1.036      -0.040      44.582
       2.220       0.000       1.046      -0.011      44.293
       2.240       0.000       1.054       0.001      44.025
       2.260       0.000       1.060      -0.003      43.925
       2.280       0.000       1.065      -0.031      44.040
       2.300       0.000       1.069      -0.083      44.317
       2.320       0.000       1.072      -0.154      45.497
       2.340       0.000       1.077      -0.237      45.989
       2.360       0.000       1.083      -0.333      46.470
       2.400       0.000       1.108      -0.467      47.717
       2.420       0.000       1.115      -0.611      48.674
       2.440       0.000       1.126      -0.763      49.729
       2.460       0.000       1.143      -0.917      50.776
       2.480       0.000       1.189      -1.101      53.912
       2.500       0.000       1.204      -1.296      54.478
       2.520       0.000       1.217      -1.497      54.437
       2.540       0.000       1.230      -1.703      54.039
       2.560       0.000       1.243      -1.912      53.493
       2.580       0.000       1.265      -2.143      51.008
       2.600       0.000       1.283      -2.378      50.989
